实验记录 - Instance_L(14,7,4)_P(1,1,1) - 12次运行结果
==================================================

第 1 次运行结果:
最优适应度: 
62.8
每代最好适应度Best_fit: 
[67.05, 67.05, 62.8, 62.8, 62.8, 62.8, 62.8, 62.8, 62.8, 62.8, 62.8, 62.8, 62.8, 62.8, 62.8, 62.8, 62.8, 62.8, 62.8, 62.8, 62.8, 62.8, 62.8, 62.8, 62.8, 62.8, 62.8, 62.8, 62.8, 62.8, 62.8, 62.8, 62.8, 62.8, 62.8, 62.8, 62.8, 62.8, 62.8, 62.8, 62.8, 62.8, 62.8, 62.8, 62.8, 62.8, 62.8, 62.8, 62.8, 62.8, 62.8, 62.8, 62.8, 62.8, 62.8, 62.8, 62.8, 62.8, 62.8, 62.8, 62.8, 62.8, 62.8, 62.8, 62.8, 62.8, 62.8, 62.8, 62.8, 62.8, 62.8, 62.8, 62.8, 62.8, 62.8, 62.8, 62.8, 62.8, 62.8, 62.8, 62.8, 62.8, 62.8, 62.8, 62.8, 62.8, 62.8, 62.8, 62.8, 62.8, 62.8, 62.8, 62.8, 62.8, 62.8, 62.8, 62.8, 62.8, 62.8, 62.8, 62.8, 62.8, 62.8, 62.8, 62.8, 62.8, 62.8, 62.8, 62.8, 62.8, 62.8, 62.8, 62.8, 62.8, 62.8, 62.8, 62.8, 62.8, 62.8, 62.8, 62.8, 62.8, 62.8, 62.8, 62.8, 62.8, 62.8, 62.8, 62.8, 62.8, 62.8, 62.8, 62.8, 62.8, 62.8, 62.8, 62.8, 62.8, 62.8, 62.8, 62.8, 62.8, 62.8, 62.8, 62.8, 62.8, 62.8, 62.8, 62.8, 62.8, 62.8, 62.8, 62.8, 62.8, 62.8, 62.8, 62.8, 62.8, 62.8, 62.8, 62.8, 62.8, 62.8, 62.8, 62.8, 62.8, 62.8, 62.8, 62.8, 62.8, 62.8, 62.8, 62.8, 62.8, 62.8, 62.8, 62.8, 62.8, 62.8, 62.8, 62.8, 62.8, 62.8, 62.8, 62.8, 62.8, 62.8, 62.8, 62.8, 62.8, 62.8, 62.8, 62.8, 62.8, 62.8, 62.8, 62.8, 62.8, 62.8, 62.8, 62.8, 62.8, 62.8, 62.8, 62.8, 62.8, 62.8, 62.8, 62.8, 62.8, 62.8, 62.8, 62.8, 62.8, 62.8, 62.8, 62.8, 62.8, 62.8, 62.8, 62.8, 62.8, 62.8, 62.8, 62.8, 62.8, 62.8, 62.8, 62.8, 62.8, 62.8, 62.8, 62.8, 62.8, 62.8, 62.8, 62.8, 62.8, 62.8, 62.8, 62.8, 62.8, 62.8, 62.8, 62.8, 62.8, 62.8, 62.8, 62.8, 62.8, 62.8, 62.8, 62.8, 62.8, 62.8, 62.8, 62.8, 62.8, 62.8, 62.8, 62.8, 62.8, 62.8, 62.8, 62.8, 62.8, 62.8, 62.8, 62.8, 62.8, 62.8, 62.8, 62.8, 62.8, 62.8, 62.8, 62.8, 62.8, 62.8, 62.8, 62.8, 62.8, 62.8, 62.8, 62.8, 62.8, 62.8, 62.8, 62.8, 62.8, 62.8, 62.8, 62.8, 62.8, 62.8, 62.8, 62.8, 62.8, 62.8, 62.8, 62.8]
每台机器上工件的加工顺序: 
[[1, 'P2A', 'P3A', 'P13B', 'P22C'], [2], [3, 'P11B', 'P12B', 'P23C'], [4], [5, 'P1A', 'P21C'], [6, 'P1A', 'P2A', 'P11B', 'P1A', 'P3A', 'P12B', 'P21C', 'P3A', 'P13B', 'P12B', 'P23C', 'P11B', 'P21C', 'P13B', 'P22C', 'P23C', 'P22C'], [7, 'P2A'], [8, 'P1A', 'P2A', 'P11B', 'P1A', 'P3A', 'P12B', 'P2A', 'P11B', 'P12B', 'P23C', 'P21C', 'P13B', 'P22C', 'P23C', 'P22C'], [9, 'P21C', 'P3A', 'P13B'], [10, 'P1A', 'P2A', 'P11B', 'P3A', 'P12B', 'P21C', 'P13B', 'P23C', 'P22C'], [11, 'P1A', 'P2A', 'P11B', 'P3A', 'P12B', 'P21C', 'P13B', 'P23C', 'P22C'], [12, 'P1A', 'P2A', 'P11B', 'P3A', 'P12B', 'P21C', 'P13B', 'P23C', 'P22C'], [13, 'F1A', 'F2A', 'F3A', 'F12B', 'F11B', 'F21C', 'F13B', 'F23C', 'F22C'], [14, 'P1A', 'P2A', 'P3A', 'P12B', 'P11B', 'P13B', 'P21C', 'P23C', 'P22C'], [15, 'P4D', 'P14D', 'P24E'], [16, 'P4D', 'P14D', 'P24E'], [17, 'P4D', 'P14D', 'P24E'], [18, 'P5D', 'P15D', 'P25E'], [19, 'P5D', 'P15D', 'P25E'], [20, 'F5D', 'F15D', 'F25E'], [21, 'P6D', 'P16D', 'P26E'], [22, 'P7F', 'P8F', 'P9F', 'P17G', 'P18G', 'P19G', 'P27G', 'P28G', 'P29G'], [23, 'P7F', 'P8F', 'P9F', 'P17G', 'P18G', 'P19G', 'P27G', 'P28G', 'P29G'], [24, 'F7F', 'F8F', 'F9F', 'F17G', 'F18G', 'F19G', 'F27G', 'F28G', 'F29G'], [25, 'F7F', 'F8F', 'F9F', 'F17G', 'F18G', 'F19G', 'F27G', 'F28G', 'F29G'], [26, 'P10MTZ1', 'P20MTZ2', 'P30MTZ3']]
总配套关系为: 
[[(1, 'MTZ1', 10), (1, 2, 3), (6, 4, 5), (7, 8, 9)], [(2, 'MTZ2', 20), (12, 11, 13), (16, 14, 15), (17, 18, 19)], [(3, 'MTZ3', 30), (21, 23, 22), (26, 24, 25), (27, 28, 29)]]
配套时刻为: 
[24.7, 34.0, 44.25]
运行时间: 
14.600秒
--------------------------------------------------

第 2 次运行结果:
最优适应度: 
62.2
每代最好适应度Best_fit: 
[67.0, 67.0, 67.0, 67.0, 67.0, 67.0, 67.0, 67.0, 67.0, 67.0, 67.0, 67.0, 67.0, 65.3, 65.3, 65.3, 65.3, 65.3, 65.3, 65.3, 65.3, 65.3, 65.3, 65.3, 65.3, 65.3, 65.3, 65.3, 65.3, 65.3, 65.3, 65.3, 65.3, 65.3, 65.3, 65.3, 65.3, 65.3, 65.3, 65.3, 65.3, 65.3, 65.3, 65.3, 65.3, 65.3, 65.3, 65.3, 65.3, 65.3, 65.3, 65.3, 65.3, 64.55, 63.8, 63.05, 63.05, 63.05, 63.05, 63.05, 63.05, 63.05, 62.95, 62.95, 62.95, 62.95, 62.95, 62.95, 62.95, 62.95, 62.95, 62.95, 62.95, 62.95, 62.95, 62.95, 62.95, 62.95, 62.95, 62.95, 62.95, 62.95, 62.95, 62.95, 62.95, 62.95, 62.95, 62.95, 62.95, 62.95, 62.95, 62.95, 62.95, 62.95, 62.95, 62.95, 62.95, 62.95, 62.95, 62.4, 62.3, 62.3, 62.2, 62.2, 62.2, 62.2, 62.2, 62.2, 62.2, 62.2, 62.2, 62.2, 62.2, 62.2, 62.2, 62.2, 62.2, 62.2, 62.2, 62.2, 62.2, 62.2, 62.2, 62.2, 62.2, 62.2, 62.2, 62.2, 62.2, 62.2, 62.2, 62.2, 62.2, 62.2, 62.2, 62.2, 62.2, 62.2, 62.2, 62.2, 62.2, 62.2, 62.2, 62.2, 62.2, 62.2, 62.2, 62.2, 62.2, 62.2, 62.2, 62.2, 62.2, 62.2, 62.2, 62.2, 62.2, 62.2, 62.2, 62.2, 62.2, 62.2, 62.2, 62.2, 62.2, 62.2, 62.2, 62.2, 62.2, 62.2, 62.2, 62.2, 62.2, 62.2, 62.2, 62.2, 62.2, 62.2, 62.2, 62.2, 62.2, 62.2, 62.2, 62.2, 62.2, 62.2, 62.2, 62.2, 62.2, 62.2, 62.2, 62.2, 62.2, 62.2, 62.2, 62.2, 62.2, 62.2, 62.2, 62.2, 62.2, 62.2, 62.2, 62.2, 62.2, 62.2, 62.2, 62.2, 62.2, 62.2, 62.2, 62.2, 62.2, 62.2, 62.2, 62.2, 62.2, 62.2, 62.2, 62.2, 62.2, 62.2, 62.2, 62.2, 62.2, 62.2, 62.2, 62.2, 62.2, 62.2, 62.2, 62.2, 62.2, 62.2, 62.2, 62.2, 62.2, 62.2, 62.2, 62.2, 62.2, 62.2, 62.2, 62.2, 62.2, 62.2, 62.2, 62.2, 62.2, 62.2, 62.2, 62.2, 62.2, 62.2, 62.2, 62.2, 62.2, 62.2, 62.2, 62.2, 62.2, 62.2, 62.2, 62.2, 62.2, 62.2, 62.2, 62.2, 62.2, 62.2, 62.2, 62.2, 62.2, 62.2, 62.2, 62.2, 62.2, 62.2, 62.2, 62.2, 62.2, 62.2, 62.2, 62.2, 62.2, 62.2, 62.2, 62.2, 62.2, 62.2, 62.2, 62.2, 62.2, 62.2, 62.2, 62.2, 62.2, 62.2, 62.2, 62.2, 62.2]
每台机器上工件的加工顺序: 
[[1, 'P12B', 'P21C'], [2], [3, 'P11B', 'P23C', 'P2A'], [4, 'P3A', 'P22C'], [5, 'P13B', 'P1A'], [6, 'P12B', 'P11B', 'P13B', 'P23C', 'P21C', 'P12B', 'P3A', 'P21C'], [7, 'P3A', 'P13B', 'P1A', 'P22C', 'P11B', 'P2A', 'P1A', 'P22C', 'P2A', 'P23C'], [8, 'P3A', 'P13B', 'P12B', 'P13B', 'P1A', 'P22C', 'P12B', 'P23C', 'P3A'], [9, 'P11B', 'P11B', 'P21C', 'P2A', 'P22C', 'P1A', 'P2A', 'P23C', 'P21C'], [10, 'P3A', 'P13B', 'P11B', 'P12B', 'P1A', 'P22C', 'P21C', 'P23C', 'P2A'], [11, 'P13B', 'P11B', 'P12B', 'P3A', 'P22C', 'P1A', 'P2A', 'P23C', 'P21C'], [12, 'P13B', 'P11B', 'P12B', 'P3A', 'P22C', 'P1A', 'P2A', 'P23C', 'P21C'], [13, 'F13B', 'F11B', 'F12B', 'F3A', 'F1A', 'F22C', 'F2A', 'F23C', 'F21C'], [14, 'P13B', 'P11B', 'P12B', 'P3A', 'P1A', 'P2A', 'P22C', 'P23C', 'P21C'], [15, 'P14D', 'P4D', 'P24E'], [16, 'P14D', 'P4D', 'P24E'], [17, 'P14D', 'P4D', 'P24E'], [18, 'P15D', 'P5D', 'P25E'], [19, 'P15D', 'P5D', 'P25E'], [20, 'F15D', 'F5D', 'F25E'], [21, 'P6D', 'P16D', 'P26E'], [22, 'P19G', 'P29G', 'P28G', 'P17G', 'P27G', 'P9F', 'P7F', 'P18G', 'P8F'], [23, 'P19G', 'P29G', 'P28G', 'P17G', 'P27G', 'P9F', 'P7F', 'P18G', 'P8F'], [24, 'F19G', 'F29G', 'F28G', 'F17G', 'F9F', 'F7F', 'F27G', 'F8F', 'F18G'], [25, 'F19G', 'F29G', 'F28G', 'F17G', 'F9F', 'F7F', 'F27G', 'F8F', 'F18G'], [26, 'P20MTZ2', 'P10MTZ1', 'P30MTZ3']]
总配套关系为: 
[[(1, 'MTZ2', 20), (13, 11, 12), (6, 14, 15), (19, 29, 28)], [(2, 'MTZ1', 10), (3, 1, 2), (16, 4, 5), (9, 7, 8)], [(3, 'MTZ3', 30), (22, 23, 21), (26, 24, 25), (17, 27, 18)]]
配套时刻为: 
[24.1, 34.45, 42.25]
运行时间: 
15.455秒
--------------------------------------------------

第 3 次运行结果:
最优适应度: 
61.900000000000006
每代最好适应度Best_fit: 
[66.2, 66.2, 66.2, 66.2, 65.7, 65.7, 65.7, 65.35, 65.2, 62.2, 62.2, 61.9, 61.9, 61.9, 61.9, 61.9, 61.9, 61.9, 61.9, 61.9, 61.9, 61.9, 61.9, 61.9, 61.9, 61.9, 61.9, 61.9, 61.9, 61.9, 61.9, 61.9, 61.9, 61.9, 61.9, 61.9, 61.9, 61.9, 61.9, 61.9, 61.9, 61.9, 61.9, 61.9, 61.9, 61.9, 61.9, 61.9, 61.9, 61.9, 61.9, 61.9, 61.9, 61.9, 61.9, 61.9, 61.9, 61.9, 61.9, 61.9, 61.9, 61.9, 61.9, 61.9, 61.9, 61.9, 61.9, 61.9, 61.9, 61.9, 61.9, 61.9, 61.9, 61.9, 61.9, 61.9, 61.9, 61.9, 61.9, 61.9, 61.9, 61.9, 61.9, 61.9, 61.9, 61.9, 61.9, 61.9, 61.9, 61.9, 61.9, 61.9, 61.9, 61.9, 61.9, 61.9, 61.9, 61.9, 61.9, 61.9, 61.9, 61.9, 61.9, 61.9, 61.9, 61.9, 61.9, 61.9, 61.9, 61.9, 61.9, 61.9, 61.9, 61.9, 61.9, 61.9, 61.9, 61.9, 61.9, 61.9, 61.9, 61.9, 61.9, 61.9, 61.9, 61.9, 61.9, 61.9, 61.9, 61.9, 61.9, 61.9, 61.9, 61.9, 61.9, 61.9, 61.9, 61.9, 61.9, 61.9, 61.9, 61.9, 61.9, 61.9, 61.9, 61.9, 61.9, 61.9, 61.9, 61.9, 61.9, 61.9, 61.9, 61.9, 61.9, 61.9, 61.9, 61.9, 61.9, 61.9, 61.9, 61.9, 61.9, 61.9, 61.9, 61.9, 61.9, 61.9, 61.9, 61.9, 61.9, 61.9, 61.9, 61.9, 61.9, 61.9, 61.9, 61.9, 61.9, 61.9, 61.9, 61.9, 61.9, 61.9, 61.9, 61.9, 61.9, 61.9, 61.9, 61.9, 61.9, 61.9, 61.9, 61.9, 61.9, 61.9, 61.9, 61.9, 61.9, 61.9, 61.9, 61.9, 61.9, 61.9, 61.9, 61.9, 61.9, 61.9, 61.9, 61.9, 61.9, 61.9, 61.9, 61.9, 61.9, 61.9, 61.9, 61.9, 61.9, 61.9, 61.9, 61.9, 61.9, 61.9, 61.9, 61.9, 61.9, 61.9, 61.9, 61.9, 61.9, 61.9, 61.9, 61.9, 61.9, 61.9, 61.9, 61.9, 61.9, 61.9, 61.9, 61.9, 61.9, 61.9, 61.9, 61.9, 61.9, 61.9, 61.9, 61.9, 61.9, 61.9, 61.9, 61.9, 61.9, 61.9, 61.9, 61.9, 61.9, 61.9, 61.9, 61.9, 61.9, 61.9, 61.9, 61.9, 61.9, 61.9, 61.9, 61.9, 61.9, 61.9, 61.9, 61.9, 61.9, 61.9, 61.9, 61.9, 61.9, 61.9, 61.9, 61.9, 61.9, 61.9, 61.9, 61.9, 61.9, 61.9, 61.9, 61.9, 61.9, 61.9, 61.9, 61.9, 61.9, 61.9, 61.9, 61.9, 61.9, 61.9, 61.9]
每台机器上工件的加工顺序: 
[[1, 'P3A', 'P11B', 'P13B', 'P23C'], [2], [3, 'P1A'], [4, 'P2A', 'P22C'], [5, 'P12B', 'P21C'], [6, 'P3A', 'P12B', 'P1A', 'P11B', 'P22C', 'P21C', 'P2A', 'P12B', 'P13B', 'P22C', 'P13B', 'P23C', 'P21C', 'P23C'], [7, 'P1A', 'P2A', 'P3A', 'P11B'], [8, 'P1A', 'P2A', 'P1A', 'P2A', 'P22C', 'P21C', 'P12B', 'P13B', 'P22C', 'P11B', 'P13B', 'P23C', 'P23C'], [9, 'P3A', 'P12B', 'P11B', 'P3A', 'P21C'], [10, 'P1A', 'P2A', 'P3A', 'P12B', 'P11B', 'P22C', 'P21C', 'P13B', 'P23C'], [11, 'P1A', 'P2A', 'P3A', 'P12B', 'P22C', 'P11B', 'P13B', 'P21C', 'P23C'], [12, 'P1A', 'P2A', 'P3A', 'P12B', 'P22C', 'P11B', 'P13B', 'P21C', 'P23C'], [13, 'F1A', 'F2A', 'F3A', 'F12B', 'F22C', 'F11B', 'F13B', 'F21C', 'F23C'], [14, 'P1A', 'P2A', 'P3A', 'P12B', 'P11B', 'P13B', 'P21C', 'P22C', 'P23C'], [15, 'P4D', 'P14D', 'P24E'], [16, 'P4D', 'P14D', 'P24E'], [17, 'P4D', 'P14D', 'P24E'], [18, 'P15D', 'P25E', 'P5D'], [19, 'P15D', 'P25E', 'P5D'], [20, 'F15D', 'F5D', 'F25E'], [21, 'P6D', 'P16D', 'P26E'], [22, 'P7F', 'P8F', 'P9F', 'P17G', 'P18G', 'P19G', 'P27G', 'P28G', 'P29G'], [23, 'P7F', 'P8F', 'P9F', 'P17G', 'P18G', 'P19G', 'P27G', 'P28G', 'P29G'], [24, 'F7F', 'F8F', 'F9F', 'F17G', 'F18G', 'F19G', 'F27G', 'F28G', 'F29G'], [25, 'F7F', 'F8F', 'F9F', 'F17G', 'F18G', 'F19G', 'F27G', 'F28G', 'F29G'], [26, 'P10MTZ1', 'P20MTZ2', 'P30MTZ3']]
总配套关系为: 
[[(1, 'MTZ1', 10), (1, 2, 3), (6, 4, 15), (7, 8, 9)], [(2, 'MTZ2', 20), (12, 11, 13), (16, 14, 5), (17, 18, 19)], [(3, 'MTZ3', 30), (21, 22, 23), (26, 24, 25), (27, 28, 29)]]
配套时刻为: 
[23.25, 34.2, 45.35]
运行时间: 
16.673秒
--------------------------------------------------

第 4 次运行结果:
最优适应度: 
64.2
每代最好适应度Best_fit: 
[67.8, 67.8, 67.8, 67.7, 67.1, 67.1, 67.1, 67.1, 67.1, 67.1, 67.1, 67.1, 67.1, 67.1, 67.1, 67.1, 67.1, 67.1, 67.1, 67.1, 67.1, 67.1, 67.1, 67.1, 67.1, 67.1, 67.1, 67.1, 67.1, 67.1, 67.1, 67.1, 67.1, 67.1, 67.1, 67.1, 67.1, 67.1, 67.1, 67.1, 67.1, 67.1, 67.1, 67.1, 67.1, 67.1, 67.1, 67.1, 66.05, 66.05, 66.05, 64.95, 64.95, 64.95, 64.95, 64.2, 64.2, 64.2, 64.2, 64.2, 64.2, 64.2, 64.2, 64.2, 64.2, 64.2, 64.2, 64.2, 64.2, 64.2, 64.2, 64.2, 64.2, 64.2, 64.2, 64.2, 64.2, 64.2, 64.2, 64.2, 64.2, 64.2, 64.2, 64.2, 64.2, 64.2, 64.2, 64.2, 64.2, 64.2, 64.2, 64.2, 64.2, 64.2, 64.2, 64.2, 64.2, 64.2, 64.2, 64.2, 64.2, 64.2, 64.2, 64.2, 64.2, 64.2, 64.2, 64.2, 64.2, 64.2, 64.2, 64.2, 64.2, 64.2, 64.2, 64.2, 64.2, 64.2, 64.2, 64.2, 64.2, 64.2, 64.2, 64.2, 64.2, 64.2, 64.2, 64.2, 64.2, 64.2, 64.2, 64.2, 64.2, 64.2, 64.2, 64.2, 64.2, 64.2, 64.2, 64.2, 64.2, 64.2, 64.2, 64.2, 64.2, 64.2, 64.2, 64.2, 64.2, 64.2, 64.2, 64.2, 64.2, 64.2, 64.2, 64.2, 64.2, 64.2, 64.2, 64.2, 64.2, 64.2, 64.2, 64.2, 64.2, 64.2, 64.2, 64.2, 64.2, 64.2, 64.2, 64.2, 64.2, 64.2, 64.2, 64.2, 64.2, 64.2, 64.2, 64.2, 64.2, 64.2, 64.2, 64.2, 64.2, 64.2, 64.2, 64.2, 64.2, 64.2, 64.2, 64.2, 64.2, 64.2, 64.2, 64.2, 64.2, 64.2, 64.2, 64.2, 64.2, 64.2, 64.2, 64.2, 64.2, 64.2, 64.2, 64.2, 64.2, 64.2, 64.2, 64.2, 64.2, 64.2, 64.2, 64.2, 64.2, 64.2, 64.2, 64.2, 64.2, 64.2, 64.2, 64.2, 64.2, 64.2, 64.2, 64.2, 64.2, 64.2, 64.2, 64.2, 64.2, 64.2, 64.2, 64.2, 64.2, 64.2, 64.2, 64.2, 64.2, 64.2, 64.2, 64.2, 64.2, 64.2, 64.2, 64.2, 64.2, 64.2, 64.2, 64.2, 64.2, 64.2, 64.2, 64.2, 64.2, 64.2, 64.2, 64.2, 64.2, 64.2, 64.2, 64.2, 64.2, 64.2, 64.2, 64.2, 64.2, 64.2, 64.2, 64.2, 64.2, 64.2, 64.2, 64.2, 64.2, 64.2, 64.2, 64.2, 64.2, 64.2, 64.2, 64.2, 64.2, 64.2, 64.2, 64.2, 64.2, 64.2, 64.2, 64.2, 64.2, 64.2, 64.2, 64.2, 64.2, 64.2, 64.2, 64.2, 64.2]
每台机器上工件的加工顺序: 
[[1, 'P1A', 'P3A', 'P21C', 'P23C'], [2], [3, 'P12B'], [4, 'P11B', 'P22C'], [5, 'P2A', 'P13B'], [6, 'P12B', 'P22C', 'P11B', 'P13B', 'P22C', 'P3A', 'P23C', 'P23C'], [7, 'P2A', 'P11B', 'P1A', 'P3A', 'P13B', 'P2A', 'P12B', 'P21C', 'P21C', 'P1A'], [8, 'P11B', 'P12B', 'P2A', 'P13B', 'P22C', 'P11B', 'P1A'], [9, 'P2A', 'P1A', 'P3A', 'P12B', 'P13B', 'P21C', 'P22C', 'P3A', 'P21C', 'P23C', 'P23C'], [10, 'P2A', 'P11B', 'P12B', 'P1A', 'P3A', 'P13B', 'P22C', 'P21C', 'P23C'], [11, 'P2A', 'P12B', 'P11B', 'P13B', 'P22C', 'P3A', 'P21C', 'P1A', 'P23C'], [12, 'P2A', 'P12B', 'P11B', 'P13B', 'P22C', 'P3A', 'P21C', 'P1A', 'P23C'], [13, 'F2A', 'F12B', 'F11B', 'F13B', 'F3A', 'F22C', 'F21C', 'F1A', 'F23C'], [14, 'P2A', 'P12B', 'P11B', 'P13B', 'P3A', 'P22C', 'P1A', 'P21C', 'P23C'], [15, 'P14D', 'P24E', 'P4D'], [16, 'P14D', 'P24E', 'P4D'], [17, 'P14D', 'P24E', 'P4D'], [18, 'P5D', 'P25E', 'P15D'], [19, 'P5D', 'P25E', 'P15D'], [20, 'F5D', 'F25E', 'F15D'], [21, 'P6D', 'P26E', 'P16D'], [22, 'P8F', 'P19G', 'P27G', 'P28G', 'P7F', 'P9F', 'P29G', 'P18G', 'P17G'], [23, 'P8F', 'P19G', 'P27G', 'P28G', 'P7F', 'P9F', 'P29G', 'P18G', 'P17G'], [24, 'F8F', 'F19G', 'F27G', 'F28G', 'F9F', 'F29G', 'F7F', 'F17G', 'F18G'], [25, 'F8F', 'F19G', 'F27G', 'F28G', 'F9F', 'F29G', 'F7F', 'F17G', 'F18G'], [26, 'P20MTZ2', 'P10MTZ1', 'P30MTZ3']]
总配套关系为: 
[[(1, 'MTZ2', 20), (12, 11, 13), (6, 14, 5), (19, 27, 28)], [(2, 'MTZ1', 10), (2, 3, 1), (16, 4, 15), (8, 9, 7)], [(3, 'MTZ3', 30), (22, 21, 23), (26, 24, 25), (29, 17, 18)]]
配套时刻为: 
[26.1, 37.5, 45.4]
运行时间: 
15.407秒
--------------------------------------------------

第 5 次运行结果:
最优适应度: 
63.099999999999994
每代最好适应度Best_fit: 
[65.6, 65.6, 64.8, 64.8, 64.8, 64.8, 64.7, 64.7, 64.2, 64.2, 64.2, 64.2, 64.2, 64.2, 64.2, 64.2, 64.2, 64.2, 64.2, 64.2, 64.2, 64.2, 64.2, 64.2, 64.2, 64.2, 64.2, 64.2, 64.2, 64.2, 64.2, 64.2, 64.2, 64.2, 64.2, 64.2, 64.2, 64.2, 64.2, 64.2, 64.2, 64.2, 64.2, 64.2, 64.2, 64.2, 64.2, 64.2, 64.2, 64.2, 64.2, 64.2, 64.2, 63.1, 63.1, 63.1, 63.1, 63.1, 63.1, 63.1, 63.1, 63.1, 63.1, 63.1, 63.1, 63.1, 63.1, 63.1, 63.1, 63.1, 63.1, 63.1, 63.1, 63.1, 63.1, 63.1, 63.1, 63.1, 63.1, 63.1, 63.1, 63.1, 63.1, 63.1, 63.1, 63.1, 63.1, 63.1, 63.1, 63.1, 63.1, 63.1, 63.1, 63.1, 63.1, 63.1, 63.1, 63.1, 63.1, 63.1, 63.1, 63.1, 63.1, 63.1, 63.1, 63.1, 63.1, 63.1, 63.1, 63.1, 63.1, 63.1, 63.1, 63.1, 63.1, 63.1, 63.1, 63.1, 63.1, 63.1, 63.1, 63.1, 63.1, 63.1, 63.1, 63.1, 63.1, 63.1, 63.1, 63.1, 63.1, 63.1, 63.1, 63.1, 63.1, 63.1, 63.1, 63.1, 63.1, 63.1, 63.1, 63.1, 63.1, 63.1, 63.1, 63.1, 63.1, 63.1, 63.1, 63.1, 63.1, 63.1, 63.1, 63.1, 63.1, 63.1, 63.1, 63.1, 63.1, 63.1, 63.1, 63.1, 63.1, 63.1, 63.1, 63.1, 63.1, 63.1, 63.1, 63.1, 63.1, 63.1, 63.1, 63.1, 63.1, 63.1, 63.1, 63.1, 63.1, 63.1, 63.1, 63.1, 63.1, 63.1, 63.1, 63.1, 63.1, 63.1, 63.1, 63.1, 63.1, 63.1, 63.1, 63.1, 63.1, 63.1, 63.1, 63.1, 63.1, 63.1, 63.1, 63.1, 63.1, 63.1, 63.1, 63.1, 63.1, 63.1, 63.1, 63.1, 63.1, 63.1, 63.1, 63.1, 63.1, 63.1, 63.1, 63.1, 63.1, 63.1, 63.1, 63.1, 63.1, 63.1, 63.1, 63.1, 63.1, 63.1, 63.1, 63.1, 63.1, 63.1, 63.1, 63.1, 63.1, 63.1, 63.1, 63.1, 63.1, 63.1, 63.1, 63.1, 63.1, 63.1, 63.1, 63.1, 63.1, 63.1, 63.1, 63.1, 63.1, 63.1, 63.1, 63.1, 63.1, 63.1, 63.1, 63.1, 63.1, 63.1, 63.1, 63.1, 63.1, 63.1, 63.1, 63.1, 63.1, 63.1, 63.1, 63.1, 63.1, 63.1, 63.1, 63.1, 63.1, 63.1, 63.1, 63.1, 63.1, 63.1, 63.1, 63.1, 63.1, 63.1, 63.1, 63.1, 63.1, 63.1, 63.1, 63.1, 63.1, 63.1, 63.1, 63.1, 63.1, 63.1, 63.1, 63.1, 63.1, 63.1, 63.1]
每台机器上工件的加工顺序: 
[[1, 'P11B', 'P22C', 'P23C'], [2, 'P2A', 'P3A'], [3, 'P13B'], [4, 'P1A', 'P21C'], [5, 'P12B'], [6, 'P1A', 'P13B', 'P2A', 'P21C', 'P22C', 'P13B', 'P2A', 'P1A', 'P23C', 'P22C', 'P3A', 'P21C'], [7, 'P11B', 'P12B', 'P3A', 'P11B', 'P12B', 'P23C'], [8, 'P11B', 'P13B', 'P2A', 'P3A', 'P11B', 'P12B', 'P22C', 'P21C', 'P2A', 'P1A', 'P22C', 'P3A', 'P23C', 'P21C'], [9, 'P1A', 'P12B', 'P13B', 'P23C'], [10, 'P1A', 'P11B', 'P12B', 'P13B', 'P2A', 'P3A', 'P22C', 'P21C', 'P23C'], [11, 'P11B', 'P12B', 'P13B', 'P2A', 'P1A', 'P22C', 'P3A', 'P23C', 'P21C'], [12, 'P11B', 'P12B', 'P13B', 'P2A', 'P1A', 'P22C', 'P3A', 'P23C', 'P21C'], [13, 'F11B', 'F12B', 'F13B', 'F2A', 'F1A', 'F22C', 'F3A', 'F23C', 'F21C'], [14, 'P11B', 'P12B', 'P13B', 'P2A', 'P1A', 'P3A', 'P22C', 'P23C', 'P21C'], [15, 'P4D', 'P24E', 'P14D'], [16, 'P4D', 'P24E', 'P14D'], [17, 'P4D', 'P24E', 'P14D'], [18, 'P15D', 'P25E', 'P5D'], [19, 'P15D', 'P25E', 'P5D'], [20, 'F15D', 'F25E', 'F5D'], [21, 'P6D', 'P26E', 'P16D'], [22, 'P18G', 'P27G', 'P28G', 'P7F', 'P19G', 'P8F', 'P17G', 'P9F', 'P29G'], [23, 'P18G', 'P27G', 'P28G', 'P7F', 'P19G', 'P8F', 'P17G', 'P9F', 'P29G'], [24, 'F18G', 'F27G', 'F28G', 'F7F', 'F19G', 'F8F', 'F17G', 'F9F', 'F29G'], [25, 'F18G', 'F27G', 'F28G', 'F7F', 'F19G', 'F8F', 'F17G', 'F9F', 'F29G'], [26, 'P20MTZ2', 'P10MTZ1', 'P30MTZ3']]
总配套关系为: 
[[(1, 'MTZ2', 20), (11, 12, 13), (6, 4, 15), (18, 27, 28)], [(2, 'MTZ1', 10), (2, 1, 3), (16, 14, 5), (7, 8, 9)], [(3, 'MTZ3', 30), (22, 23, 21), (26, 24, 25), (19, 17, 29)]]
配套时刻为: 
[24.1, 37.5, 42.5]
运行时间: 
14.443秒
--------------------------------------------------

第 6 次运行结果:
最优适应度: 
60.25
每代最好适应度Best_fit: 
[66.05, 66.05, 66.05, 65.2, 64.6, 61.9, 61.0, 61.0, 61.0, 61.0, 61.0, 61.0, 61.0, 61.0, 61.0, 61.0, 61.0, 61.0, 61.0, 61.0, 61.0, 61.0, 61.0, 61.0, 61.0, 61.0, 61.0, 61.0, 61.0, 61.0, 60.25, 60.25, 60.25, 60.25, 60.25, 60.25, 60.25, 60.25, 60.25, 60.25, 60.25, 60.25, 60.25, 60.25, 60.25, 60.25, 60.25, 60.25, 60.25, 60.25, 60.25, 60.25, 60.25, 60.25, 60.25, 60.25, 60.25, 60.25, 60.25, 60.25, 60.25, 60.25, 60.25, 60.25, 60.25, 60.25, 60.25, 60.25, 60.25, 60.25, 60.25, 60.25, 60.25, 60.25, 60.25, 60.25, 60.25, 60.25, 60.25, 60.25, 60.25, 60.25, 60.25, 60.25, 60.25, 60.25, 60.25, 60.25, 60.25, 60.25, 60.25, 60.25, 60.25, 60.25, 60.25, 60.25, 60.25, 60.25, 60.25, 60.25, 60.25, 60.25, 60.25, 60.25, 60.25, 60.25, 60.25, 60.25, 60.25, 60.25, 60.25, 60.25, 60.25, 60.25, 60.25, 60.25, 60.25, 60.25, 60.25, 60.25, 60.25, 60.25, 60.25, 60.25, 60.25, 60.25, 60.25, 60.25, 60.25, 60.25, 60.25, 60.25, 60.25, 60.25, 60.25, 60.25, 60.25, 60.25, 60.25, 60.25, 60.25, 60.25, 60.25, 60.25, 60.25, 60.25, 60.25, 60.25, 60.25, 60.25, 60.25, 60.25, 60.25, 60.25, 60.25, 60.25, 60.25, 60.25, 60.25, 60.25, 60.25, 60.25, 60.25, 60.25, 60.25, 60.25, 60.25, 60.25, 60.25, 60.25, 60.25, 60.25, 60.25, 60.25, 60.25, 60.25, 60.25, 60.25, 60.25, 60.25, 60.25, 60.25, 60.25, 60.25, 60.25, 60.25, 60.25, 60.25, 60.25, 60.25, 60.25, 60.25, 60.25, 60.25, 60.25, 60.25, 60.25, 60.25, 60.25, 60.25, 60.25, 60.25, 60.25, 60.25, 60.25, 60.25, 60.25, 60.25, 60.25, 60.25, 60.25, 60.25, 60.25, 60.25, 60.25, 60.25, 60.25, 60.25, 60.25, 60.25, 60.25, 60.25, 60.25, 60.25, 60.25, 60.25, 60.25, 60.25, 60.25, 60.25, 60.25, 60.25, 60.25, 60.25, 60.25, 60.25, 60.25, 60.25, 60.25, 60.25, 60.25, 60.25, 60.25, 60.25, 60.25, 60.25, 60.25, 60.25, 60.25, 60.25, 60.25, 60.25, 60.25, 60.25, 60.25, 60.25, 60.25, 60.25, 60.25, 60.25, 60.25, 60.25, 60.25, 60.25, 60.25, 60.25, 60.25, 60.25, 60.25, 60.25, 60.25, 60.25, 60.25, 60.25, 60.25, 60.25, 60.25, 60.25, 60.25, 60.25, 60.25, 60.25, 60.25, 60.25, 60.25, 60.25, 60.25, 60.25, 60.25, 60.25, 60.25, 60.25, 60.25, 60.25, 60.25, 60.25, 60.25, 60.25, 60.25, 60.25, 60.25]
每台机器上工件的加工顺序: 
[[1, 'P3A', 'P13B', 'P23C'], [2, 'P2A', 'P21C', 'P22C'], [3, 'P1A'], [4, 'P12B'], [5, 'P11B'], [6, 'P1A', 'P2A', 'P11B', 'P13B', 'P21C', 'P2A', 'P3A', 'P12B', 'P13B', 'P22C', 'P11B', 'P23C', 'P22C'], [7, 'P3A', 'P12B', 'P1A', 'P23C', 'P21C'], [8, 'P1A', 'P3A', 'P12B', 'P11B', 'P1A', 'P13B', 'P3A', 'P12B', 'P13B', 'P23C', 'P22C', 'P11B', 'P22C', 'P21C'], [9, 'P2A', 'P2A', 'P21C', 'P23C'], [10, 'P1A', 'P2A', 'P3A', 'P12B', 'P11B', 'P13B', 'P21C', 'P23C', 'P22C'], [11, 'P1A', 'P2A', 'P3A', 'P12B', 'P13B', 'P11B', 'P23C', 'P22C', 'P21C'], [12, 'P1A', 'P2A', 'P3A', 'P12B', 'P13B', 'P11B', 'P23C', 'P22C', 'P21C'], [13, 'F1A', 'F2A', 'F3A', 'F12B', 'F13B', 'F11B', 'F23C', 'F22C', 'F21C'], [14, 'P1A', 'P2A', 'P3A', 'P12B', 'P13B', 'P11B', 'P23C', 'P22C', 'P21C'], [15, 'P4D', 'P14D', 'P24E'], [16, 'P4D', 'P14D', 'P24E'], [17, 'P4D', 'P14D', 'P24E'], [18, 'P5D', 'P15D', 'P25E'], [19, 'P5D', 'P15D', 'P25E'], [20, 'F5D', 'F15D', 'F25E'], [21, 'P6D', 'P16D', 'P26E'], [22, 'P7F', 'P8F', 'P9F', 'P17G', 'P18G', 'P28G', 'P27G', 'P29G', 'P19G'], [23, 'P7F', 'P8F', 'P9F', 'P17G', 'P18G', 'P28G', 'P27G', 'P29G', 'P19G'], [24, 'F7F', 'F8F', 'F9F', 'F17G', 'F18G', 'F28G', 'F27G', 'F29G', 'F19G'], [25, 'F7F', 'F8F', 'F9F', 'F17G', 'F18G', 'F28G', 'F27G', 'F29G', 'F19G'], [26, 'P10MTZ1', 'P20MTZ2', 'P30MTZ3']]
总配套关系为: 
[[(1, 'MTZ1', 10), (1, 2, 3), (6, 4, 5), (7, 8, 9)], [(2, 'MTZ2', 20), (12, 13, 11), (16, 14, 15), (17, 18, 28)], [(3, 'MTZ3', 30), (23, 22, 21), (26, 24, 25), (27, 29, 19)]]
配套时刻为: 
[22.15, 32.55, 43.25]
运行时间: 
13.586秒
--------------------------------------------------

第 7 次运行结果:
最优适应度: 
63.099999999999994
每代最好适应度Best_fit: 
[66.9, 66.9, 64.35, 64.35, 64.35, 64.35, 64.2, 64.2, 64.2, 64.2, 64.2, 64.2, 64.2, 64.2, 64.2, 64.2, 64.2, 64.2, 64.2, 64.2, 64.2, 64.2, 64.2, 64.2, 64.2, 64.2, 64.2, 64.2, 64.2, 64.2, 64.2, 64.2, 64.2, 64.2, 64.2, 64.2, 64.2, 64.2, 64.2, 64.2, 64.2, 64.2, 64.2, 64.2, 64.2, 64.2, 64.2, 64.2, 64.2, 64.2, 64.2, 64.2, 64.2, 64.2, 64.2, 64.2, 64.2, 64.2, 64.2, 64.2, 64.2, 64.2, 64.2, 64.2, 64.2, 64.2, 64.2, 64.2, 64.2, 64.2, 64.2, 64.2, 64.2, 64.2, 64.2, 64.2, 64.2, 64.2, 64.2, 64.2, 64.2, 64.2, 64.2, 64.2, 64.2, 64.2, 64.2, 64.2, 64.2, 64.2, 64.2, 64.2, 64.2, 64.2, 64.2, 64.2, 64.2, 64.2, 64.2, 64.2, 64.2, 64.2, 64.2, 64.2, 64.2, 64.2, 64.2, 64.2, 64.2, 63.6, 63.6, 63.6, 63.1, 63.1, 63.1, 63.1, 63.1, 63.1, 63.1, 63.1, 63.1, 63.1, 63.1, 63.1, 63.1, 63.1, 63.1, 63.1, 63.1, 63.1, 63.1, 63.1, 63.1, 63.1, 63.1, 63.1, 63.1, 63.1, 63.1, 63.1, 63.1, 63.1, 63.1, 63.1, 63.1, 63.1, 63.1, 63.1, 63.1, 63.1, 63.1, 63.1, 63.1, 63.1, 63.1, 63.1, 63.1, 63.1, 63.1, 63.1, 63.1, 63.1, 63.1, 63.1, 63.1, 63.1, 63.1, 63.1, 63.1, 63.1, 63.1, 63.1, 63.1, 63.1, 63.1, 63.1, 63.1, 63.1, 63.1, 63.1, 63.1, 63.1, 63.1, 63.1, 63.1, 63.1, 63.1, 63.1, 63.1, 63.1, 63.1, 63.1, 63.1, 63.1, 63.1, 63.1, 63.1, 63.1, 63.1, 63.1, 63.1, 63.1, 63.1, 63.1, 63.1, 63.1, 63.1, 63.1, 63.1, 63.1, 63.1, 63.1, 63.1, 63.1, 63.1, 63.1, 63.1, 63.1, 63.1, 63.1, 63.1, 63.1, 63.1, 63.1, 63.1, 63.1, 63.1, 63.1, 63.1, 63.1, 63.1, 63.1, 63.1, 63.1, 63.1, 63.1, 63.1, 63.1, 63.1, 63.1, 63.1, 63.1, 63.1, 63.1, 63.1, 63.1, 63.1, 63.1, 63.1, 63.1, 63.1, 63.1, 63.1, 63.1, 63.1, 63.1, 63.1, 63.1, 63.1, 63.1, 63.1, 63.1, 63.1, 63.1, 63.1, 63.1, 63.1, 63.1, 63.1, 63.1, 63.1, 63.1, 63.1, 63.1, 63.1, 63.1, 63.1, 63.1, 63.1, 63.1, 63.1, 63.1, 63.1, 63.1, 63.1, 63.1, 63.1, 63.1, 63.1, 63.1, 63.1, 63.1, 63.1, 63.1, 63.1, 63.1, 63.1, 63.1, 63.1, 63.1, 63.1]
每台机器上工件的加工顺序: 
[[1, 'P12B', 'P23C'], [2, 'P11B'], [3, 'P2A', 'P3A', 'P22C'], [4, 'P1A', 'P13B', 'P21C'], [5], [6, 'P1A', 'P2A', 'P12B', 'P11B', 'P3A', 'P13B', 'P2A', 'P23C', 'P1A', 'P3A', 'P22C', 'P21C', 'P12B', 'P13B', 'P11B', 'P21C', 'P23C', 'P22C'], [7], [8, 'P2A', 'P1A', 'P11B', 'P2A', 'P3A', 'P13B', 'P23C', 'P3A', 'P13B', 'P12B', 'P21C', 'P22C', 'P22C'], [9, 'P12B', 'P1A', 'P11B', 'P21C', 'P23C'], [10, 'P2A', 'P12B', 'P11B', 'P1A', 'P3A', 'P13B', 'P23C', 'P21C', 'P22C'], [11, 'P2A', 'P1A', 'P3A', 'P13B', 'P12B', 'P11B', 'P21C', 'P23C', 'P22C'], [12, 'P2A', 'P1A', 'P3A', 'P13B', 'P12B', 'P11B', 'P21C', 'P23C', 'P22C'], [13, 'F2A', 'F1A', 'F3A', 'F13B', 'F11B', 'F12B', 'F21C', 'F23C', 'F22C'], [14, 'P2A', 'P1A', 'P3A', 'P13B', 'P11B', 'P12B', 'P21C', 'P23C', 'P22C'], [15, 'P14D', 'P24E', 'P4D'], [16, 'P14D', 'P24E', 'P4D'], [17, 'P14D', 'P24E', 'P4D'], [18, 'P15D', 'P5D', 'P25E'], [19, 'P15D', 'P5D', 'P25E'], [20, 'F15D', 'F5D', 'F25E'], [21, 'P6D', 'P16D', 'P26E'], [22, 'P27G', 'P28G', 'P17G', 'P29G', 'P7F', 'P9F', 'P8F', 'P18G', 'P19G'], [23, 'P27G', 'P28G', 'P17G', 'P29G', 'P7F', 'P9F', 'P8F', 'P18G', 'P19G'], [24, 'F27G', 'F28G', 'F17G', 'F29G', 'F9F', 'F8F', 'F7F', 'F18G', 'F19G'], [25, 'F27G', 'F28G', 'F17G', 'F29G', 'F9F', 'F8F', 'F7F', 'F18G', 'F19G'], [26, 'P10MTZ1', 'P20MTZ2', 'P30MTZ3']]
总配套关系为: 
[[(1, 'MTZ1', 10), (2, 1, 3), (6, 14, 15), (9, 8, 7)], [(2, 'MTZ2', 20), (13, 11, 12), (16, 4, 5), (27, 28, 17)], [(3, 'MTZ3', 30), (21, 23, 22), (26, 24, 25), (29, 18, 19)]]
配套时刻为: 
[25, 35.0, 43.7]
运行时间: 
14.231秒
--------------------------------------------------

第 8 次运行结果:
最优适应度: 
61.7
每代最好适应度Best_fit: 
[66.7, 66.7, 66.7, 66.7, 66.7, 66.7, 66.7, 66.6, 65.3, 65.3, 63.4, 63.4, 63.4, 62.35, 62.35, 62.35, 62.35, 62.35, 62.35, 62.35, 62.35, 62.35, 62.35, 62.35, 62.35, 62.35, 62.35, 62.35, 62.35, 62.35, 62.35, 62.35, 62.35, 62.35, 62.35, 62.35, 62.35, 62.35, 62.15, 62.15, 62.15, 62.15, 62.15, 62.15, 62.15, 62.15, 62.15, 62.15, 62.15, 62.15, 61.9, 61.7, 61.7, 61.7, 61.7, 61.7, 61.7, 61.7, 61.7, 61.7, 61.7, 61.7, 61.7, 61.7, 61.7, 61.7, 61.7, 61.7, 61.7, 61.7, 61.7, 61.7, 61.7, 61.7, 61.7, 61.7, 61.7, 61.7, 61.7, 61.7, 61.7, 61.7, 61.7, 61.7, 61.7, 61.7, 61.7, 61.7, 61.7, 61.7, 61.7, 61.7, 61.7, 61.7, 61.7, 61.7, 61.7, 61.7, 61.7, 61.7, 61.7, 61.7, 61.7, 61.7, 61.7, 61.7, 61.7, 61.7, 61.7, 61.7, 61.7, 61.7, 61.7, 61.7, 61.7, 61.7, 61.7, 61.7, 61.7, 61.7, 61.7, 61.7, 61.7, 61.7, 61.7, 61.7, 61.7, 61.7, 61.7, 61.7, 61.7, 61.7, 61.7, 61.7, 61.7, 61.7, 61.7, 61.7, 61.7, 61.7, 61.7, 61.7, 61.7, 61.7, 61.7, 61.7, 61.7, 61.7, 61.7, 61.7, 61.7, 61.7, 61.7, 61.7, 61.7, 61.7, 61.7, 61.7, 61.7, 61.7, 61.7, 61.7, 61.7, 61.7, 61.7, 61.7, 61.7, 61.7, 61.7, 61.7, 61.7, 61.7, 61.7, 61.7, 61.7, 61.7, 61.7, 61.7, 61.7, 61.7, 61.7, 61.7, 61.7, 61.7, 61.7, 61.7, 61.7, 61.7, 61.7, 61.7, 61.7, 61.7, 61.7, 61.7, 61.7, 61.7, 61.7, 61.7, 61.7, 61.7, 61.7, 61.7, 61.7, 61.7, 61.7, 61.7, 61.7, 61.7, 61.7, 61.7, 61.7, 61.7, 61.7, 61.7, 61.7, 61.7, 61.7, 61.7, 61.7, 61.7, 61.7, 61.7, 61.7, 61.7, 61.7, 61.7, 61.7, 61.7, 61.7, 61.7, 61.7, 61.7, 61.7, 61.7, 61.7, 61.7, 61.7, 61.7, 61.7, 61.7, 61.7, 61.7, 61.7, 61.7, 61.7, 61.7, 61.7, 61.7, 61.7, 61.7, 61.7, 61.7, 61.7, 61.7, 61.7, 61.7, 61.7, 61.7, 61.7, 61.7, 61.7, 61.7, 61.7, 61.7, 61.7, 61.7, 61.7, 61.7, 61.7, 61.7, 61.7, 61.7, 61.7, 61.7, 61.7, 61.7, 61.7, 61.7, 61.7, 61.7, 61.7, 61.7, 61.7, 61.7, 61.7, 61.7, 61.7, 61.7, 61.7, 61.7, 61.7, 61.7, 61.7, 61.7, 61.7, 61.7, 61.7, 61.7, 61.7, 61.7, 61.7]
每台机器上工件的加工顺序: 
[[1, 'P2A', 'P12B', 'P21C', 'P22C'], [2, 'P3A', 'P13B'], [3], [4], [5, 'P1A', 'P11B', 'P23C'], [6, 'P3A', 'P1A', 'P11B', 'P13B', 'P3A', 'P2A', 'P13B', 'P21C', 'P22C', 'P22C'], [7, 'P1A', 'P2A', 'P12B', 'P21C', 'P23C', 'P12B', 'P11B', 'P23C'], [8, 'P1A', 'P2A', 'P3A', 'P1A', 'P3A', 'P11B', 'P13B', 'P2A', 'P13B', 'P21C', 'P12B', 'P11B', 'P21C', 'P22C'], [9, 'P12B', 'P23C', 'P23C', 'P22C'], [10, 'P1A', 'P2A', 'P3A', 'P12B', 'P13B', 'P11B', 'P21C', 'P23C', 'P22C'], [11, 'P1A', 'P3A', 'P2A', 'P13B', 'P12B', 'P11B', 'P21C', 'P23C', 'P22C'], [12, 'P1A', 'P3A', 'P2A', 'P13B', 'P12B', 'P11B', 'P21C', 'P23C', 'P22C'], [13, 'F1A', 'F3A', 'F2A', 'F13B', 'F11B', 'F12B', 'F21C', 'F23C', 'F22C'], [14, 'P1A', 'P3A', 'P2A', 'P13B', 'P11B', 'P12B', 'P21C', 'P23C', 'P22C'], [15, 'P4D', 'P14D', 'P24E'], [16, 'P4D', 'P14D', 'P24E'], [17, 'P4D', 'P14D', 'P24E'], [18, 'P5D', 'P15D', 'P25E'], [19, 'P5D', 'P15D', 'P25E'], [20, 'F5D', 'F15D', 'F25E'], [21, 'P6D', 'P16D', 'P26E'], [22, 'P7F', 'P8F', 'P9F', 'P17G', 'P19G', 'P27G', 'P29G', 'P28G', 'P18G'], [23, 'P7F', 'P8F', 'P9F', 'P17G', 'P19G', 'P27G', 'P29G', 'P28G', 'P18G'], [24, 'F7F', 'F8F', 'F9F', 'F17G', 'F19G', 'F27G', 'F29G', 'F28G', 'F18G'], [25, 'F7F', 'F8F', 'F9F', 'F17G', 'F19G', 'F27G', 'F29G', 'F28G', 'F18G'], [26, 'P10MTZ1', 'P20MTZ2', 'P30MTZ3']]
总配套关系为: 
[[(1, 'MTZ1', 10), (1, 3, 2), (6, 4, 5), (7, 8, 9)], [(2, 'MTZ2', 20), (13, 11, 12), (16, 14, 15), (17, 19, 27)], [(3, 'MTZ3', 30), (21, 23, 22), (26, 24, 25), (29, 28, 18)]]
配套时刻为: 
[23.0, 33.95, 46.5]
运行时间: 
13.927秒
--------------------------------------------------

第 9 次运行结果:
最优适应度: 
64.2
每代最好适应度Best_fit: 
[70.65, 70.65, 69.2, 69.2, 69.2, 69.2, 69.2, 64.8, 64.8, 64.2, 64.2, 64.2, 64.2, 64.2, 64.2, 64.2, 64.2, 64.2, 64.2, 64.2, 64.2, 64.2, 64.2, 64.2, 64.2, 64.2, 64.2, 64.2, 64.2, 64.2, 64.2, 64.2, 64.2, 64.2, 64.2, 64.2, 64.2, 64.2, 64.2, 64.2, 64.2, 64.2, 64.2, 64.2, 64.2, 64.2, 64.2, 64.2, 64.2, 64.2, 64.2, 64.2, 64.2, 64.2, 64.2, 64.2, 64.2, 64.2, 64.2, 64.2, 64.2, 64.2, 64.2, 64.2, 64.2, 64.2, 64.2, 64.2, 64.2, 64.2, 64.2, 64.2, 64.2, 64.2, 64.2, 64.2, 64.2, 64.2, 64.2, 64.2, 64.2, 64.2, 64.2, 64.2, 64.2, 64.2, 64.2, 64.2, 64.2, 64.2, 64.2, 64.2, 64.2, 64.2, 64.2, 64.2, 64.2, 64.2, 64.2, 64.2, 64.2, 64.2, 64.2, 64.2, 64.2, 64.2, 64.2, 64.2, 64.2, 64.2, 64.2, 64.2, 64.2, 64.2, 64.2, 64.2, 64.2, 64.2, 64.2, 64.2, 64.2, 64.2, 64.2, 64.2, 64.2, 64.2, 64.2, 64.2, 64.2, 64.2, 64.2, 64.2, 64.2, 64.2, 64.2, 64.2, 64.2, 64.2, 64.2, 64.2, 64.2, 64.2, 64.2, 64.2, 64.2, 64.2, 64.2, 64.2, 64.2, 64.2, 64.2, 64.2, 64.2, 64.2, 64.2, 64.2, 64.2, 64.2, 64.2, 64.2, 64.2, 64.2, 64.2, 64.2, 64.2, 64.2, 64.2, 64.2, 64.2, 64.2, 64.2, 64.2, 64.2, 64.2, 64.2, 64.2, 64.2, 64.2, 64.2, 64.2, 64.2, 64.2, 64.2, 64.2, 64.2, 64.2, 64.2, 64.2, 64.2, 64.2, 64.2, 64.2, 64.2, 64.2, 64.2, 64.2, 64.2, 64.2, 64.2, 64.2, 64.2, 64.2, 64.2, 64.2, 64.2, 64.2, 64.2, 64.2, 64.2, 64.2, 64.2, 64.2, 64.2, 64.2, 64.2, 64.2, 64.2, 64.2, 64.2, 64.2, 64.2, 64.2, 64.2, 64.2, 64.2, 64.2, 64.2, 64.2, 64.2, 64.2, 64.2, 64.2, 64.2, 64.2, 64.2, 64.2, 64.2, 64.2, 64.2, 64.2, 64.2, 64.2, 64.2, 64.2, 64.2, 64.2, 64.2, 64.2, 64.2, 64.2, 64.2, 64.2, 64.2, 64.2, 64.2, 64.2, 64.2, 64.2, 64.2, 64.2, 64.2, 64.2, 64.2, 64.2, 64.2, 64.2, 64.2, 64.2, 64.2, 64.2, 64.2, 64.2, 64.2, 64.2, 64.2, 64.2, 64.2, 64.2, 64.2, 64.2, 64.2, 64.2, 64.2, 64.2, 64.2, 64.2, 64.2, 64.2, 64.2, 64.2, 64.2, 64.2, 64.2, 64.2, 64.2, 64.2, 64.2, 64.2, 64.2, 64.2, 64.2]
每台机器上工件的加工顺序: 
[[1, 'P13B', 'P3A'], [2], [3, 'P22C', 'P23C', 'P21C'], [4, 'P12B', 'P1A'], [5, 'P2A', 'P11B'], [6, 'P2A', 'P13B', 'P3A', 'P2A', 'P1A', 'P21C'], [7, 'P12B', 'P22C', 'P11B', 'P1A', 'P3A', 'P12B', 'P23C', 'P13B', 'P11B', 'P21C', 'P22C', 'P23C'], [8, 'P1A', 'P22C', 'P21C', 'P1A'], [9, 'P2A', 'P12B', 'P13B', 'P22C', 'P12B', 'P11B', 'P3A', 'P13B', 'P23C', 'P11B', 'P3A', 'P2A', 'P23C', 'P21C'], [10, 'P2A', 'P12B', 'P13B', 'P22C', 'P11B', 'P3A', 'P1A', 'P23C', 'P21C'], [11, 'P12B', 'P13B', 'P11B', 'P3A', 'P22C', 'P2A', 'P1A', 'P23C', 'P21C'], [12, 'P12B', 'P13B', 'P11B', 'P3A', 'P22C', 'P2A', 'P1A', 'P23C', 'P21C'], [13, 'F12B', 'F13B', 'F11B', 'F3A', 'F2A', 'F22C', 'F1A', 'F23C', 'F21C'], [14, 'P12B', 'P13B', 'P11B', 'P3A', 'P2A', 'P1A', 'P22C', 'P23C', 'P21C'], [15, 'P14D', 'P24E', 'P4D'], [16, 'P14D', 'P24E', 'P4D'], [17, 'P14D', 'P24E', 'P4D'], [18, 'P5D', 'P15D', 'P25E'], [19, 'P5D', 'P15D', 'P25E'], [20, 'F15D', 'F5D', 'F25E'], [21, 'P6D', 'P16D', 'P26E'], [22, 'P17G', 'P9F', 'P29G', 'P27G', 'P28G', 'P19G', 'P18G', 'P8F', 'P7F'], [23, 'P17G', 'P9F', 'P29G', 'P27G', 'P28G', 'P19G', 'P18G', 'P8F', 'P7F'], [24, 'F9F', 'F29G', 'F27G', 'F28G', 'F17G', 'F18G', 'F8F', 'F7F', 'F19G'], [25, 'F9F', 'F29G', 'F27G', 'F28G', 'F17G', 'F18G', 'F8F', 'F7F', 'F19G'], [26, 'P20MTZ2', 'P10MTZ1', 'P30MTZ3']]
总配套关系为: 
[[(1, 'MTZ2', 20), (12, 13, 11), (6, 14, 15), (29, 27, 28)], [(2, 'MTZ1', 10), (3, 2, 1), (16, 4, 5), (9, 8, 7)], [(3, 'MTZ3', 30), (22, 23, 21), (26, 24, 25), (17, 18, 19)]]
配套时刻为: 
[26.1, 36.2, 44.0]
运行时间: 
13.427秒
--------------------------------------------------

第 10 次运行结果:
最优适应度: 
65.2
每代最好适应度Best_fit: 
[65.3, 65.3, 65.3, 65.3, 65.3, 65.3, 65.2, 65.2, 65.2, 65.2, 65.2, 65.2, 65.2, 65.2, 65.2, 65.2, 65.2, 65.2, 65.2, 65.2, 65.2, 65.2, 65.2, 65.2, 65.2, 65.2, 65.2, 65.2, 65.2, 65.2, 65.2, 65.2, 65.2, 65.2, 65.2, 65.2, 65.2, 65.2, 65.2, 65.2, 65.2, 65.2, 65.2, 65.2, 65.2, 65.2, 65.2, 65.2, 65.2, 65.2, 65.2, 65.2, 65.2, 65.2, 65.2, 65.2, 65.2, 65.2, 65.2, 65.2, 65.2, 65.2, 65.2, 65.2, 65.2, 65.2, 65.2, 65.2, 65.2, 65.2, 65.2, 65.2, 65.2, 65.2, 65.2, 65.2, 65.2, 65.2, 65.2, 65.2, 65.2, 65.2, 65.2, 65.2, 65.2, 65.2, 65.2, 65.2, 65.2, 65.2, 65.2, 65.2, 65.2, 65.2, 65.2, 65.2, 65.2, 65.2, 65.2, 65.2, 65.2, 65.2, 65.2, 65.2, 65.2, 65.2, 65.2, 65.2, 65.2, 65.2, 65.2, 65.2, 65.2, 65.2, 65.2, 65.2, 65.2, 65.2, 65.2, 65.2, 65.2, 65.2, 65.2, 65.2, 65.2, 65.2, 65.2, 65.2, 65.2, 65.2, 65.2, 65.2, 65.2, 65.2, 65.2, 65.2, 65.2, 65.2, 65.2, 65.2, 65.2, 65.2, 65.2, 65.2, 65.2, 65.2, 65.2, 65.2, 65.2, 65.2, 65.2, 65.2, 65.2, 65.2, 65.2, 65.2, 65.2, 65.2, 65.2, 65.2, 65.2, 65.2, 65.2, 65.2, 65.2, 65.2, 65.2, 65.2, 65.2, 65.2, 65.2, 65.2, 65.2, 65.2, 65.2, 65.2, 65.2, 65.2, 65.2, 65.2, 65.2, 65.2, 65.2, 65.2, 65.2, 65.2, 65.2, 65.2, 65.2, 65.2, 65.2, 65.2, 65.2, 65.2, 65.2, 65.2, 65.2, 65.2, 65.2, 65.2, 65.2, 65.2, 65.2, 65.2, 65.2, 65.2, 65.2, 65.2, 65.2, 65.2, 65.2, 65.2, 65.2, 65.2, 65.2, 65.2, 65.2, 65.2, 65.2, 65.2, 65.2, 65.2, 65.2, 65.2, 65.2, 65.2, 65.2, 65.2, 65.2, 65.2, 65.2, 65.2, 65.2, 65.2, 65.2, 65.2, 65.2, 65.2, 65.2, 65.2, 65.2, 65.2, 65.2, 65.2, 65.2, 65.2, 65.2, 65.2, 65.2, 65.2, 65.2, 65.2, 65.2, 65.2, 65.2, 65.2, 65.2, 65.2, 65.2, 65.2, 65.2, 65.2, 65.2, 65.2, 65.2, 65.2, 65.2, 65.2, 65.2, 65.2, 65.2, 65.2, 65.2, 65.2, 65.2, 65.2, 65.2, 65.2, 65.2, 65.2, 65.2, 65.2, 65.2, 65.2, 65.2, 65.2, 65.2, 65.2, 65.2, 65.2, 65.2, 65.2, 65.2, 65.2, 65.2, 65.2, 65.2, 65.2, 65.2, 65.2, 65.2]
每台机器上工件的加工顺序: 
[[1, 'P1A', 'P3A', 'P11B', 'P12B', 'P13B'], [2, 'P22C'], [3, 'P2A'], [4], [5, 'P21C', 'P23C'], [6, 'P2A', 'P21C', 'P22C', 'P3A', 'P1A', 'P2A', 'P23C', 'P3A', 'P22C', 'P12B', 'P11B', 'P21C', 'P12B', 'P13B'], [7, 'P1A', 'P11B', 'P23C', 'P13B'], [8, 'P1A', 'P2A', 'P22C', 'P1A', 'P3A', 'P2A', 'P23C', 'P3A', 'P11B', 'P22C', 'P23C', 'P12B', 'P12B', 'P13B'], [9, 'P21C', 'P11B', 'P21C', 'P13B'], [10, 'P1A', 'P2A', 'P21C', 'P22C', 'P3A', 'P23C', 'P11B', 'P12B', 'P13B'], [11, 'P1A', 'P2A', 'P3A', 'P22C', 'P23C', 'P11B', 'P21C', 'P12B', 'P13B'], [12, 'P1A', 'P2A', 'P3A', 'P22C', 'P23C', 'P11B', 'P21C', 'P12B', 'P13B'], [13, 'F1A', 'F2A', 'F3A', 'F22C', 'F23C', 'F11B', 'F21C', 'F12B', 'F13B'], [14, 'P1A', 'P2A', 'P3A', 'P23C', 'P22C', 'P21C', 'P11B', 'P12B', 'P13B'], [15, 'P4D', 'P14D', 'P24E'], [16, 'P14D', 'P24E', 'P4D'], [17, 'P14D', 'P24E', 'P4D'], [18, 'P5D', 'P15D', 'P25E'], [19, 'P5D', 'P15D', 'P25E'], [20, 'F5D', 'F15D', 'F25E'], [21, 'P6D', 'P26E', 'P16D'], [22, 'P7F', 'P8F', 'P9F', 'P17G', 'P18G', 'P19G', 'P27G', 'P28G', 'P29G'], [23, 'P7F', 'P8F', 'P9F', 'P17G', 'P18G', 'P19G', 'P27G', 'P28G', 'P29G'], [24, 'F7F', 'F8F', 'F9F', 'F17G', 'F18G', 'F19G', 'F27G', 'F28G', 'F29G'], [25, 'F7F', 'F8F', 'F9F', 'F17G', 'F18G', 'F19G', 'F27G', 'F28G', 'F29G'], [26, 'P10MTZ1', 'P30MTZ3', 'P20MTZ2']]
总配套关系为: 
[[(1, 'MTZ1', 10), (1, 2, 3), (6, 14, 5), (7, 8, 9)], [(2, 'MTZ3', 30), (23, 22, 21), (26, 24, 25), (17, 18, 19)], [(3, 'MTZ2', 20), (11, 12, 13), (16, 4, 15), (27, 28, 29)]]
配套时刻为: 
[26.5, 37.5, 49.3]
运行时间: 
13.273秒
--------------------------------------------------

第 11 次运行结果:
最优适应度: 
63.95
每代最好适应度Best_fit: 
[67.8, 67.8, 67.8, 67.75, 67.75, 66.95, 63.95, 63.95, 63.95, 63.95, 63.95, 63.95, 63.95, 63.95, 63.95, 63.95, 63.95, 63.95, 63.95, 63.95, 63.95, 63.95, 63.95, 63.95, 63.95, 63.95, 63.95, 63.95, 63.95, 63.95, 63.95, 63.95, 63.95, 63.95, 63.95, 63.95, 63.95, 63.95, 63.95, 63.95, 63.95, 63.95, 63.95, 63.95, 63.95, 63.95, 63.95, 63.95, 63.95, 63.95, 63.95, 63.95, 63.95, 63.95, 63.95, 63.95, 63.95, 63.95, 63.95, 63.95, 63.95, 63.95, 63.95, 63.95, 63.95, 63.95, 63.95, 63.95, 63.95, 63.95, 63.95, 63.95, 63.95, 63.95, 63.95, 63.95, 63.95, 63.95, 63.95, 63.95, 63.95, 63.95, 63.95, 63.95, 63.95, 63.95, 63.95, 63.95, 63.95, 63.95, 63.95, 63.95, 63.95, 63.95, 63.95, 63.95, 63.95, 63.95, 63.95, 63.95, 63.95, 63.95, 63.95, 63.95, 63.95, 63.95, 63.95, 63.95, 63.95, 63.95, 63.95, 63.95, 63.95, 63.95, 63.95, 63.95, 63.95, 63.95, 63.95, 63.95, 63.95, 63.95, 63.95, 63.95, 63.95, 63.95, 63.95, 63.95, 63.95, 63.95, 63.95, 63.95, 63.95, 63.95, 63.95, 63.95, 63.95, 63.95, 63.95, 63.95, 63.95, 63.95, 63.95, 63.95, 63.95, 63.95, 63.95, 63.95, 63.95, 63.95, 63.95, 63.95, 63.95, 63.95, 63.95, 63.95, 63.95, 63.95, 63.95, 63.95, 63.95, 63.95, 63.95, 63.95, 63.95, 63.95, 63.95, 63.95, 63.95, 63.95, 63.95, 63.95, 63.95, 63.95, 63.95, 63.95, 63.95, 63.95, 63.95, 63.95, 63.95, 63.95, 63.95, 63.95, 63.95, 63.95, 63.95, 63.95, 63.95, 63.95, 63.95, 63.95, 63.95, 63.95, 63.95, 63.95, 63.95, 63.95, 63.95, 63.95, 63.95, 63.95, 63.95, 63.95, 63.95, 63.95, 63.95, 63.95, 63.95, 63.95, 63.95, 63.95, 63.95, 63.95, 63.95, 63.95, 63.95, 63.95, 63.95, 63.95, 63.95, 63.95, 63.95, 63.95, 63.95, 63.95, 63.95, 63.95, 63.95, 63.95, 63.95, 63.95, 63.95, 63.95, 63.95, 63.95, 63.95, 63.95, 63.95, 63.95, 63.95, 63.95, 63.95, 63.95, 63.95, 63.95, 63.95, 63.95, 63.95, 63.95, 63.95, 63.95, 63.95, 63.95, 63.95, 63.95, 63.95, 63.95, 63.95, 63.95, 63.95, 63.95, 63.95, 63.95, 63.95, 63.95, 63.95, 63.95, 63.95, 63.95, 63.95, 63.95, 63.95, 63.95, 63.95, 63.95, 63.95, 63.95, 63.95, 63.95, 63.95, 63.95, 63.95, 63.95, 63.95, 63.95, 63.95, 63.95, 63.95, 63.95, 63.95, 63.95, 63.95, 63.95, 63.95, 63.95, 63.95, 63.95, 63.95, 63.95, 63.95]
每台机器上工件的加工顺序: 
[[1, 'P13B', 'P3A', 'P2A'], [2, 'P11B'], [3, 'P1A'], [4], [5, 'P12B', 'P21C', 'P23C', 'P22C'], [6, 'P1A', 'P23C', 'P22C'], [7, 'P13B', 'P11B', 'P12B', 'P3A', 'P13B', 'P21C', 'P11B', 'P12B', 'P2A', 'P3A', 'P1A', 'P2A', 'P23C', 'P22C', 'P21C'], [8, 'P13B', 'P11B', 'P12B', 'P2A', 'P2A', 'P22C'], [9, 'P1A', 'P11B', 'P12B', 'P13B', 'P3A', 'P21C', 'P3A', 'P1A', 'P23C', 'P23C', 'P21C', 'P22C'], [10, 'P1A', 'P13B', 'P11B', 'P12B', 'P3A', 'P21C', 'P2A', 'P23C', 'P22C'], [11, 'P13B', 'P11B', 'P12B', 'P3A', 'P1A', 'P2A', 'P23C', 'P21C', 'P22C'], [12, 'P13B', 'P11B', 'P12B', 'P3A', 'P1A', 'P2A', 'P23C', 'P21C', 'P22C'], [13, 'F13B', 'F11B', 'F12B', 'F3A', 'F1A', 'F2A', 'F23C', 'F21C', 'F22C'], [14, 'P13B', 'P11B', 'P12B', 'P3A', 'P1A', 'P2A', 'P23C', 'P21C', 'P22C'], [15, 'P14D', 'P24E', 'P4D'], [16, 'P14D', 'P4D', 'P24E'], [17, 'P14D', 'P4D', 'P24E'], [18, 'P15D', 'P25E', 'P5D'], [19, 'P15D', 'P25E', 'P5D'], [20, 'F15D', 'F5D', 'F25E'], [21, 'P6D', 'P16D', 'P26E'], [22, 'P18G', 'P9F', 'P7F', 'P17G', 'P8F', 'P28G', 'P27G', 'P19G', 'P29G'], [23, 'P18G', 'P9F', 'P7F', 'P17G', 'P8F', 'P28G', 'P27G', 'P19G', 'P29G'], [24, 'F9F', 'F7F', 'F18G', 'F8F', 'F17G', 'F27G', 'F19G', 'F28G', 'F29G'], [25, 'F9F', 'F7F', 'F18G', 'F8F', 'F17G', 'F27G', 'F19G', 'F28G', 'F29G'], [26, 'P20MTZ2', 'P10MTZ1', 'P30MTZ3']]
总配套关系为: 
[[(1, 'MTZ2', 20), (13, 11, 12), (6, 14, 15), (18, 17, 27)], [(2, 'MTZ1', 10), (3, 1, 2), (16, 4, 5), (9, 7, 8)], [(3, 'MTZ3', 30), (23, 21, 22), (26, 24, 25), (19, 28, 29)]]
配套时刻为: 
[24.25, 33.5, 48.75]
运行时间: 
13.315秒
--------------------------------------------------

第 12 次运行结果:
最优适应度: 
61.900000000000006
每代最好适应度Best_fit: 
[66.4, 66.4, 66.4, 65.45, 64.0, 64.0, 64.0, 64.0, 64.0, 64.0, 64.0, 64.0, 64.0, 64.0, 64.0, 64.0, 64.0, 64.0, 64.0, 64.0, 64.0, 64.0, 64.0, 64.0, 64.0, 64.0, 64.0, 64.0, 64.0, 64.0, 64.0, 64.0, 64.0, 64.0, 64.0, 64.0, 64.0, 64.0, 64.0, 64.0, 64.0, 64.0, 64.0, 64.0, 64.0, 64.0, 64.0, 64.0, 64.0, 64.0, 64.0, 64.0, 64.0, 64.0, 64.0, 64.0, 64.0, 64.0, 64.0, 64.0, 64.0, 64.0, 64.0, 64.0, 64.0, 64.0, 64.0, 64.0, 64.0, 64.0, 64.0, 64.0, 64.0, 64.0, 64.0, 64.0, 62.75, 62.7, 62.7, 62.7, 62.7, 62.7, 62.7, 62.7, 62.7, 62.7, 62.7, 61.9, 61.9, 61.9, 61.9, 61.9, 61.9, 61.9, 61.9, 61.9, 61.9, 61.9, 61.9, 61.9, 61.9, 61.9, 61.9, 61.9, 61.9, 61.9, 61.9, 61.9, 61.9, 61.9, 61.9, 61.9, 61.9, 61.9, 61.9, 61.9, 61.9, 61.9, 61.9, 61.9, 61.9, 61.9, 61.9, 61.9, 61.9, 61.9, 61.9, 61.9, 61.9, 61.9, 61.9, 61.9, 61.9, 61.9, 61.9, 61.9, 61.9, 61.9, 61.9, 61.9, 61.9, 61.9, 61.9, 61.9, 61.9, 61.9, 61.9, 61.9, 61.9, 61.9, 61.9, 61.9, 61.9, 61.9, 61.9, 61.9, 61.9, 61.9, 61.9, 61.9, 61.9, 61.9, 61.9, 61.9, 61.9, 61.9, 61.9, 61.9, 61.9, 61.9, 61.9, 61.9, 61.9, 61.9, 61.9, 61.9, 61.9, 61.9, 61.9, 61.9, 61.9, 61.9, 61.9, 61.9, 61.9, 61.9, 61.9, 61.9, 61.9, 61.9, 61.9, 61.9, 61.9, 61.9, 61.9, 61.9, 61.9, 61.9, 61.9, 61.9, 61.9, 61.9, 61.9, 61.9, 61.9, 61.9, 61.9, 61.9, 61.9, 61.9, 61.9, 61.9, 61.9, 61.9, 61.9, 61.9, 61.9, 61.9, 61.9, 61.9, 61.9, 61.9, 61.9, 61.9, 61.9, 61.9, 61.9, 61.9, 61.9, 61.9, 61.9, 61.9, 61.9, 61.9, 61.9, 61.9, 61.9, 61.9, 61.9, 61.9, 61.9, 61.9, 61.9, 61.9, 61.9, 61.9, 61.9, 61.9, 61.9, 61.9, 61.9, 61.9, 61.9, 61.9, 61.9, 61.9, 61.9, 61.9, 61.9, 61.9, 61.9, 61.9, 61.9, 61.9, 61.9, 61.9, 61.9, 61.9, 61.9, 61.9, 61.9, 61.9, 61.9, 61.9, 61.9, 61.9, 61.9, 61.9, 61.9, 61.9, 61.9, 61.9, 61.9, 61.9, 61.9, 61.9, 61.9, 61.9, 61.9, 61.9, 61.9, 61.9, 61.9, 61.9, 61.9, 61.9, 61.9, 61.9, 61.9, 61.9, 61.9]
每台机器上工件的加工顺序: 
[[1, 'P2A', 'P11B', 'P21C', 'P22C'], [2, 'P23C'], [3, 'P3A'], [4], [5, 'P1A', 'P12B', 'P13B'], [6, 'P3A', 'P23C', 'P11B', 'P12B', 'P1A', 'P3A', 'P2A', 'P13B', 'P11B', 'P12B', 'P13B', 'P22C'], [7, 'P2A', 'P1A', 'P21C', 'P23C', 'P22C', 'P21C'], [8, 'P2A', 'P1A', 'P23C', 'P1A', 'P11B', 'P3A', 'P2A', 'P11B', 'P13B', 'P21C', 'P12B', 'P23C', 'P13B', 'P22C', 'P22C'], [9, 'P3A', 'P12B', 'P21C'], [10, 'P2A', 'P1A', 'P3A', 'P23C', 'P11B', 'P12B', 'P13B', 'P21C', 'P22C'], [11, 'P1A', 'P3A', 'P2A', 'P11B', 'P12B', 'P23C', 'P13B', 'P21C', 'P22C'], [12, 'P1A', 'P3A', 'P2A', 'P11B', 'P12B', 'P23C', 'P13B', 'P21C', 'P22C'], [13, 'F1A', 'F3A', 'F2A', 'F11B', 'F12B', 'F23C', 'F13B', 'F21C', 'F22C'], [14, 'P1A', 'P3A', 'P2A', 'P11B', 'P12B', 'P13B', 'P23C', 'P21C', 'P22C'], [15, 'P4D', 'P24E', 'P14D'], [16, 'P4D', 'P14D', 'P24E'], [17, 'P4D', 'P14D', 'P24E'], [18, 'P5D', 'P15D', 'P25E'], [19, 'P5D', 'P15D', 'P25E'], [20, 'F5D', 'F15D', 'F25E'], [21, 'P6D', 'P16D', 'P26E'], [22, 'P7F', 'P8F', 'P17G', 'P19G', 'P27G', 'P29G', 'P9F', 'P28G', 'P18G'], [23, 'P7F', 'P8F', 'P17G', 'P19G', 'P27G', 'P29G', 'P9F', 'P28G', 'P18G'], [24, 'F7F', 'F8F', 'F17G', 'F19G', 'F27G', 'F9F', 'F29G', 'F28G', 'F18G'], [25, 'F7F', 'F8F', 'F17G', 'F19G', 'F27G', 'F9F', 'F29G', 'F28G', 'F18G'], [26, 'P10MTZ1', 'P20MTZ2', 'P30MTZ3']]
总配套关系为: 
[[(1, 'MTZ1', 10), (1, 3, 2), (6, 4, 5), (7, 8, 9)], [(2, 'MTZ2', 20), (11, 12, 13), (16, 14, 15), (17, 19, 27)], [(3, 'MTZ3', 30), (23, 21, 22), (26, 24, 25), (29, 28, 18)]]
配套时刻为: 
[23.4, 34.2, 46.5]
运行时间: 
13.123秒
--------------------------------------------------



汇总统计信息:
==================================================
平均运行时间: 14.288秒
最短运行时间: 13.123秒
最长运行时间: 16.673秒
平均最优适应度: 62.875
最佳适应度: 60.250
最差适应度: 65.200
