实验记录 - Instance_L(14,7,4)_P(1,1,1) - 12次运行结果
==================================================

第 1 次运行结果:
最优适应度: 
60.2
每代最好适应度Best_fit: 
[67.15, 66.1, 66.1, 66.1, 65.2, 65.2, 62.75, 62.75, 62.75, 62.75, 62.75, 62.75, 62.75, 62.2, 62.2, 62.2, 62.2, 62.2, 62.2, 62.2, 62.2, 62.2, 62.2, 62.2, 62.2, 62.2, 62.2, 62.2, 62.2, 62.2, 62.2, 62.2, 62.2, 62.2, 62.2, 62.2, 62.2, 62.2, 62.2, 62.2, 62.2, 62.2, 62.2, 62.2, 62.2, 62.2, 62.2, 62.2, 62.2, 62.2, 62.2, 62.2, 62.2, 62.2, 62.2, 62.2, 62.2, 62.2, 61.35, 61.35, 61.35, 61.35, 60.9, 60.2, 60.2, 60.2, 60.2, 60.2, 60.2, 60.2, 60.2, 60.2, 60.2, 60.2, 60.2, 60.2, 60.2, 60.2, 60.2, 60.2, 60.2, 60.2, 60.2, 60.2, 60.2, 60.2, 60.2, 60.2, 60.2, 60.2, 60.2, 60.2, 60.2, 60.2, 60.2, 60.2, 60.2, 60.2, 60.2, 60.2, 60.2, 60.2, 60.2, 60.2, 60.2, 60.2, 60.2, 60.2, 60.2, 60.2, 60.2, 60.2, 60.2, 60.2, 60.2, 60.2, 60.2, 60.2, 60.2, 60.2, 60.2, 60.2, 60.2, 60.2, 60.2, 60.2, 60.2, 60.2, 60.2, 60.2, 60.2, 60.2, 60.2, 60.2, 60.2, 60.2, 60.2, 60.2, 60.2, 60.2, 60.2, 60.2, 60.2, 60.2, 60.2, 60.2, 60.2, 60.2, 60.2, 60.2, 60.2, 60.2, 60.2, 60.2, 60.2, 60.2, 60.2, 60.2, 60.2, 60.2, 60.2, 60.2, 60.2, 60.2, 60.2, 60.2, 60.2, 60.2, 60.2, 60.2, 60.2, 60.2, 60.2, 60.2, 60.2, 60.2, 60.2, 60.2, 60.2, 60.2, 60.2, 60.2, 60.2, 60.2, 60.2, 60.2, 60.2, 60.2, 60.2, 60.2, 60.2, 60.2, 60.2, 60.2, 60.2, 60.2, 60.2, 60.2, 60.2, 60.2, 60.2, 60.2, 60.2, 60.2, 60.2, 60.2, 60.2, 60.2, 60.2, 60.2, 60.2, 60.2, 60.2, 60.2, 60.2, 60.2, 60.2, 60.2, 60.2, 60.2, 60.2, 60.2, 60.2, 60.2, 60.2, 60.2, 60.2, 60.2, 60.2, 60.2, 60.2, 60.2, 60.2, 60.2, 60.2, 60.2, 60.2, 60.2, 60.2, 60.2, 60.2, 60.2, 60.2, 60.2, 60.2, 60.2, 60.2, 60.2, 60.2, 60.2, 60.2, 60.2, 60.2, 60.2, 60.2, 60.2, 60.2, 60.2, 60.2, 60.2, 60.2, 60.2, 60.2, 60.2, 60.2, 60.2, 60.2, 60.2, 60.2, 60.2, 60.2, 60.2, 60.2, 60.2, 60.2, 60.2, 60.2, 60.2, 60.2, 60.2, 60.2, 60.2, 60.2, 60.2, 60.2, 60.2, 60.2, 60.2, 60.2, 60.2, 60.2, 60.2, 60.2, 60.2, 60.2, 60.2, 60.2, 60.2, 60.2, 60.2, 60.2]
每台机器上工件的加工顺序: 
[[1, 'P3A', 'P13B'], [2, 'P1A'], [3], [4, 'P2A', 'P12B', 'P22C'], [5, 'P21C', 'P11B', 'P23C'], [6, 'P2A', 'P21C', 'P3A', 'P11B', 'P1A', 'P12B'], [7, 'P1A', 'P3A', 'P2A', 'P12B', 'P13B', 'P22C', 'P11B', 'P23C', 'P13B', 'P22C', 'P23C', 'P21C'], [8, 'P2A', 'P3A', 'P2A', 'P3A', 'P1A', 'P11B', 'P13B', 'P23C', 'P22C', 'P23C', 'P21C'], [9, 'P1A', 'P21C', 'P12B', 'P11B', 'P13B', 'P12B', 'P22C'], [10, 'P2A', 'P1A', 'P3A', 'P21C', 'P12B', 'P11B', 'P13B', 'P22C', 'P23C'], [11, 'P2A', 'P3A', 'P1A', 'P12B', 'P11B', 'P13B', 'P22C', 'P23C', 'P21C'], [12, 'P2A', 'P3A', 'P1A', 'P12B', 'P11B', 'P13B', 'P22C', 'P23C', 'P21C'], [13, 'F2A', 'F3A', 'F1A', 'F12B', 'F11B', 'F13B', 'F22C', 'F23C', 'F21C'], [14, 'P2A', 'P3A', 'P1A', 'P12B', 'P11B', 'P13B', 'P22C', 'P23C', 'P21C'], [15, 'P4D', 'P14D', 'P24E'], [16, 'P4D', 'P14D', 'P24E'], [17, 'P4D', 'P14D', 'P24E'], [18, 'P15D', 'P5D', 'P25E'], [19, 'P15D', 'P5D', 'P25E'], [20, 'F15D', 'F5D', 'F25E'], [21, 'P6D', 'P16D', 'P26E'], [22, 'P28G', 'P9F', 'P17G', 'P19G', 'P7F', 'P8F', 'P27G', 'P29G', 'P18G'], [23, 'P28G', 'P9F', 'P17G', 'P19G', 'P7F', 'P8F', 'P27G', 'P29G', 'P18G'], [24, 'F28G', 'F9F', 'F17G', 'F7F', 'F8F', 'F19G', 'F29G', 'F18G', 'F27G'], [25, 'F28G', 'F9F', 'F17G', 'F7F', 'F8F', 'F19G', 'F29G', 'F18G', 'F27G'], [26, 'P10MTZ1', 'P20MTZ2', 'P30MTZ3']]
总配套关系为: 
[[(1, 'MTZ1', 10), (2, 3, 1), (6, 4, 15), (9, 7, 8)], [(2, 'MTZ2', 20), (12, 11, 13), (16, 14, 5), (28, 17, 19)], [(3, 'MTZ3', 30), (22, 23, 21), (26, 24, 25), (29, 18, 27)]]
配套时刻为: 
[22.1, 31.3, 43.25]
运行时间: 
20.665秒
--------------------------------------------------

第 2 次运行结果:
最优适应度: 
62.2
每代最好适应度Best_fit: 
[66.25, 65.8, 65.8, 65.3, 65.3, 65.3, 65.3, 65.3, 65.3, 65.3, 64.5, 64.5, 64.5, 64.5, 64.5, 64.5, 64.5, 64.5, 63.9, 63.9, 63.9, 63.6, 63.6, 63.6, 63.6, 63.6, 63.6, 63.1, 63.1, 62.8, 62.8, 62.8, 62.2, 62.2, 62.2, 62.2, 62.2, 62.2, 62.2, 62.2, 62.2, 62.2, 62.2, 62.2, 62.2, 62.2, 62.2, 62.2, 62.2, 62.2, 62.2, 62.2, 62.2, 62.2, 62.2, 62.2, 62.2, 62.2, 62.2, 62.2, 62.2, 62.2, 62.2, 62.2, 62.2, 62.2, 62.2, 62.2, 62.2, 62.2, 62.2, 62.2, 62.2, 62.2, 62.2, 62.2, 62.2, 62.2, 62.2, 62.2, 62.2, 62.2, 62.2, 62.2, 62.2, 62.2, 62.2, 62.2, 62.2, 62.2, 62.2, 62.2, 62.2, 62.2, 62.2, 62.2, 62.2, 62.2, 62.2, 62.2, 62.2, 62.2, 62.2, 62.2, 62.2, 62.2, 62.2, 62.2, 62.2, 62.2, 62.2, 62.2, 62.2, 62.2, 62.2, 62.2, 62.2, 62.2, 62.2, 62.2, 62.2, 62.2, 62.2, 62.2, 62.2, 62.2, 62.2, 62.2, 62.2, 62.2, 62.2, 62.2, 62.2, 62.2, 62.2, 62.2, 62.2, 62.2, 62.2, 62.2, 62.2, 62.2, 62.2, 62.2, 62.2, 62.2, 62.2, 62.2, 62.2, 62.2, 62.2, 62.2, 62.2, 62.2, 62.2, 62.2, 62.2, 62.2, 62.2, 62.2, 62.2, 62.2, 62.2, 62.2, 62.2, 62.2, 62.2, 62.2, 62.2, 62.2, 62.2, 62.2, 62.2, 62.2, 62.2, 62.2, 62.2, 62.2, 62.2, 62.2, 62.2, 62.2, 62.2, 62.2, 62.2, 62.2, 62.2, 62.2, 62.2, 62.2, 62.2, 62.2, 62.2, 62.2, 62.2, 62.2, 62.2, 62.2, 62.2, 62.2, 62.2, 62.2, 62.2, 62.2, 62.2, 62.2, 62.2, 62.2, 62.2, 62.2, 62.2, 62.2, 62.2, 62.2, 62.2, 62.2, 62.2, 62.2, 62.2, 62.2, 62.2, 62.2, 62.2, 62.2, 62.2, 62.2, 62.2, 62.2, 62.2, 62.2, 62.2, 62.2, 62.2, 62.2, 62.2, 62.2, 62.2, 62.2, 62.2, 62.2, 62.2, 62.2, 62.2, 62.2, 62.2, 62.2, 62.2, 62.2, 62.2, 62.2, 62.2, 62.2, 62.2, 62.2, 62.2, 62.2, 62.2, 62.2, 62.2, 62.2, 62.2, 62.2, 62.2, 62.2, 62.2, 62.2, 62.2, 62.2, 62.2, 62.2, 62.2, 62.2, 62.2, 62.2, 62.2, 62.2, 62.2, 62.2, 62.2, 62.2, 62.2, 62.2, 62.2, 62.2, 62.2, 62.2, 62.2, 62.2, 62.2, 62.2, 62.2, 62.2, 62.2, 62.2, 62.2, 62.2, 62.2, 62.2, 62.2, 62.2, 62.2]
每台机器上工件的加工顺序: 
[[1, 'P3A', 'P21C', 'P2A'], [2, 'P13B', 'P22C'], [3, 'P11B', 'P1A', 'P23C'], [4, 'P12B'], [5], [6, 'P3A', 'P11B', 'P21C', 'P22C', 'P12B', 'P2A', 'P1A', 'P3A', 'P22C', 'P2A'], [7, 'P12B', 'P13B', 'P1A', 'P11B', 'P13B', 'P23C', 'P21C', 'P23C'], [8, 'P11B', 'P12B', 'P13B', 'P11B', 'P1A', 'P21C', 'P12B', 'P1A', 'P2A', 'P23C', 'P22C', 'P2A'], [9, 'P3A', 'P13B', 'P22C', 'P3A', 'P21C', 'P23C'], [10, 'P3A', 'P11B', 'P12B', 'P13B', 'P1A', 'P21C', 'P22C', 'P2A', 'P23C'], [11, 'P11B', 'P13B', 'P12B', 'P1A', 'P3A', 'P22C', 'P2A', 'P21C', 'P23C'], [12, 'P11B', 'P13B', 'P12B', 'P1A', 'P3A', 'P22C', 'P2A', 'P21C', 'P23C'], [13, 'F11B', 'F13B', 'F12B', 'F1A', 'F3A', 'F22C', 'F2A', 'F21C', 'F23C'], [14, 'P11B', 'P13B', 'P12B', 'P3A', 'P1A', 'P2A', 'P22C', 'P21C', 'P23C'], [15, 'P4D', 'P24E', 'P14D'], [16, 'P4D', 'P24E', 'P14D'], [17, 'P4D', 'P24E', 'P14D'], [18, 'P5D', 'P25E', 'P15D'], [19, 'P5D', 'P25E', 'P15D'], [20, 'F5D', 'F15D', 'F25E'], [21, 'P6D', 'P16D', 'P26E'], [22, 'P18G', 'P19G', 'P29G', 'P27G', 'P7F', 'P9F', 'P8F', 'P17G', 'P28G'], [23, 'P18G', 'P19G', 'P29G', 'P27G', 'P7F', 'P9F', 'P8F', 'P17G', 'P28G'], [24, 'F18G', 'F19G', 'F29G', 'F7F', 'F27G', 'F8F', 'F17G', 'F28G', 'F9F'], [25, 'F18G', 'F19G', 'F29G', 'F7F', 'F27G', 'F8F', 'F17G', 'F28G', 'F9F'], [26, 'P20MTZ2', 'P10MTZ1', 'P30MTZ3']]
总配套关系为: 
[[(1, 'MTZ2', 20), (11, 13, 12), (6, 4, 5), (18, 19, 29)], [(2, 'MTZ1', 10), (3, 1, 2), (16, 14, 15), (7, 8, 9)], [(3, 'MTZ3', 30), (22, 21, 23), (26, 24, 25), (27, 17, 28)]]
配套时刻为: 
[24.1, 35.0, 43.5]
运行时间: 
21.139秒
--------------------------------------------------

第 3 次运行结果:
最优适应度: 
60.2
每代最好适应度Best_fit: 
[67.1, 67.1, 66.9, 64.95, 64.95, 64.95, 64.95, 64.95, 64.95, 63.9, 63.9, 63.9, 63.9, 63.05, 63.05, 63.05, 63.05, 63.05, 63.05, 63.05, 63.05, 63.05, 63.05, 63.05, 63.05, 63.05, 63.05, 62.7, 62.7, 62.7, 62.7, 62.15, 62.15, 61.55, 61.55, 61.55, 61.55, 61.55, 61.55, 61.55, 61.55, 61.55, 61.55, 61.55, 61.55, 61.55, 61.55, 61.55, 61.55, 61.55, 61.2, 61.2, 61.2, 61.2, 61.2, 61.2, 61.2, 61.2, 61.2, 61.2, 61.1, 61.1, 61.1, 61.1, 61.1, 61.1, 61.1, 61.1, 61.1, 61.1, 61.1, 61.1, 61.1, 61.1, 61.1, 61.1, 61.1, 61.1, 61.1, 61.1, 61.1, 61.1, 61.1, 61.1, 61.1, 61.1, 61.1, 61.1, 61.1, 61.1, 61.1, 61.1, 61.1, 61.1, 61.0, 61.0, 60.9, 60.9, 60.9, 60.9, 60.9, 60.9, 60.9, 60.9, 60.9, 60.9, 60.9, 60.9, 60.85, 60.85, 60.85, 60.85, 60.85, 60.85, 60.85, 60.85, 60.85, 60.85, 60.85, 60.85, 60.85, 60.85, 60.85, 60.85, 60.85, 60.85, 60.85, 60.85, 60.85, 60.85, 60.85, 60.85, 60.85, 60.85, 60.85, 60.8, 60.8, 60.8, 60.8, 60.8, 60.8, 60.8, 60.8, 60.8, 60.8, 60.8, 60.8, 60.8, 60.8, 60.8, 60.8, 60.8, 60.8, 60.8, 60.8, 60.8, 60.8, 60.8, 60.8, 60.8, 60.8, 60.8, 60.8, 60.8, 60.8, 60.8, 60.8, 60.8, 60.8, 60.8, 60.8, 60.8, 60.8, 60.8, 60.8, 60.8, 60.8, 60.8, 60.8, 60.8, 60.8, 60.8, 60.8, 60.8, 60.8, 60.8, 60.8, 60.8, 60.8, 60.8, 60.8, 60.8, 60.8, 60.8, 60.8, 60.8, 60.8, 60.8, 60.8, 60.8, 60.8, 60.8, 60.8, 60.8, 60.8, 60.8, 60.8, 60.2, 60.2, 60.2, 60.2, 60.2, 60.2, 60.2, 60.2, 60.2, 60.2, 60.2, 60.2, 60.2, 60.2, 60.2, 60.2, 60.2, 60.2, 60.2, 60.2, 60.2, 60.2, 60.2, 60.2, 60.2, 60.2, 60.2, 60.2, 60.2, 60.2, 60.2, 60.2, 60.2, 60.2, 60.2, 60.2, 60.2, 60.2, 60.2, 60.2, 60.2, 60.2, 60.2, 60.2, 60.2, 60.2, 60.2, 60.2, 60.2, 60.2, 60.2, 60.2, 60.2, 60.2, 60.2, 60.2, 60.2, 60.2, 60.2, 60.2, 60.2, 60.2, 60.2, 60.2, 60.2, 60.2, 60.2, 60.2, 60.2, 60.2, 60.2, 60.2, 60.2, 60.2, 60.2, 60.2, 60.2, 60.2, 60.2, 60.2, 60.2, 60.2, 60.2, 60.2, 60.2, 60.2, 60.2, 60.2, 60.2, 60.2, 60.2, 60.2, 60.2, 60.2]
每台机器上工件的加工顺序: 
[[1, 'P3A', 'P13B'], [2, 'P2A', 'P23C'], [3, 'P11B', 'P12B', 'P21C'], [4, 'P22C'], [5, 'P1A'], [6, 'P3A', 'P1A', 'P11B', 'P2A', 'P13B', 'P12B', 'P1A', 'P2A', 'P12B', 'P13B', 'P22C', 'P23C'], [7, 'P22C', 'P3A', 'P23C', 'P21C', 'P11B', 'P21C'], [8, 'P3A', 'P1A', 'P3A', 'P13B', 'P2A', 'P23C', 'P21C', 'P13B', 'P22C', 'P23C'], [9, 'P2A', 'P11B', 'P22C', 'P1A', 'P12B', 'P12B', 'P11B', 'P21C'], [10, 'P3A', 'P1A', 'P2A', 'P11B', 'P22C', 'P13B', 'P12B', 'P23C', 'P21C'], [11, 'P3A', 'P1A', 'P2A', 'P12B', 'P11B', 'P13B', 'P21C', 'P22C', 'P23C'], [12, 'P3A', 'P1A', 'P2A', 'P12B', 'P11B', 'P13B', 'P21C', 'P22C', 'P23C'], [13, 'F3A', 'F1A', 'F2A', 'F12B', 'F11B', 'F13B', 'F21C', 'F22C', 'F23C'], [14, 'P3A', 'P1A', 'P2A', 'P12B', 'P11B', 'P13B', 'P21C', 'P22C', 'P23C'], [15, 'P4D', 'P14D', 'P24E'], [16, 'P4D', 'P14D', 'P24E'], [17, 'P4D', 'P14D', 'P24E'], [18, 'P5D', 'P15D', 'P25E'], [19, 'P5D', 'P15D', 'P25E'], [20, 'F5D', 'F15D', 'F25E'], [21, 'P6D', 'P16D', 'P26E'], [22, 'P7F', 'P17G', 'P8F', 'P27G', 'P28G', 'P9F', 'P18G', 'P19G', 'P29G'], [23, 'P7F', 'P17G', 'P8F', 'P27G', 'P28G', 'P9F', 'P18G', 'P19G', 'P29G'], [24, 'F7F', 'F17G', 'F8F', 'F27G', 'F9F', 'F28G', 'F18G', 'F29G', 'F19G'], [25, 'F7F', 'F17G', 'F8F', 'F27G', 'F9F', 'F28G', 'F18G', 'F29G', 'F19G'], [26, 'P10MTZ1', 'P20MTZ2', 'P30MTZ3']]
总配套关系为: 
[[(1, 'MTZ1', 10), (3, 1, 2), (6, 4, 5), (7, 8, 9)], [(2, 'MTZ2', 20), (12, 11, 13), (16, 14, 15), (17, 27, 28)], [(3, 'MTZ3', 30), (21, 22, 23), (26, 24, 25), (18, 29, 19)]]
配套时刻为: 
[22.1, 32.4, 44.35]
运行时间: 
20.783秒
--------------------------------------------------

第 4 次运行结果:
最优适应度: 
62.2
每代最好适应度Best_fit: 
[67.05, 66.9, 65.7, 65.7, 65.7, 65.7, 65.05, 65.05, 62.35, 62.35, 62.35, 62.35, 62.35, 62.35, 62.35, 62.35, 62.35, 62.35, 62.35, 62.35, 62.35, 62.35, 62.35, 62.35, 62.35, 62.35, 62.35, 62.35, 62.35, 62.35, 62.2, 62.2, 62.2, 62.2, 62.2, 62.2, 62.2, 62.2, 62.2, 62.2, 62.2, 62.2, 62.2, 62.2, 62.2, 62.2, 62.2, 62.2, 62.2, 62.2, 62.2, 62.2, 62.2, 62.2, 62.2, 62.2, 62.2, 62.2, 62.2, 62.2, 62.2, 62.2, 62.2, 62.2, 62.2, 62.2, 62.2, 62.2, 62.2, 62.2, 62.2, 62.2, 62.2, 62.2, 62.2, 62.2, 62.2, 62.2, 62.2, 62.2, 62.2, 62.2, 62.2, 62.2, 62.2, 62.2, 62.2, 62.2, 62.2, 62.2, 62.2, 62.2, 62.2, 62.2, 62.2, 62.2, 62.2, 62.2, 62.2, 62.2, 62.2, 62.2, 62.2, 62.2, 62.2, 62.2, 62.2, 62.2, 62.2, 62.2, 62.2, 62.2, 62.2, 62.2, 62.2, 62.2, 62.2, 62.2, 62.2, 62.2, 62.2, 62.2, 62.2, 62.2, 62.2, 62.2, 62.2, 62.2, 62.2, 62.2, 62.2, 62.2, 62.2, 62.2, 62.2, 62.2, 62.2, 62.2, 62.2, 62.2, 62.2, 62.2, 62.2, 62.2, 62.2, 62.2, 62.2, 62.2, 62.2, 62.2, 62.2, 62.2, 62.2, 62.2, 62.2, 62.2, 62.2, 62.2, 62.2, 62.2, 62.2, 62.2, 62.2, 62.2, 62.2, 62.2, 62.2, 62.2, 62.2, 62.2, 62.2, 62.2, 62.2, 62.2, 62.2, 62.2, 62.2, 62.2, 62.2, 62.2, 62.2, 62.2, 62.2, 62.2, 62.2, 62.2, 62.2, 62.2, 62.2, 62.2, 62.2, 62.2, 62.2, 62.2, 62.2, 62.2, 62.2, 62.2, 62.2, 62.2, 62.2, 62.2, 62.2, 62.2, 62.2, 62.2, 62.2, 62.2, 62.2, 62.2, 62.2, 62.2, 62.2, 62.2, 62.2, 62.2, 62.2, 62.2, 62.2, 62.2, 62.2, 62.2, 62.2, 62.2, 62.2, 62.2, 62.2, 62.2, 62.2, 62.2, 62.2, 62.2, 62.2, 62.2, 62.2, 62.2, 62.2, 62.2, 62.2, 62.2, 62.2, 62.2, 62.2, 62.2, 62.2, 62.2, 62.2, 62.2, 62.2, 62.2, 62.2, 62.2, 62.2, 62.2, 62.2, 62.2, 62.2, 62.2, 62.2, 62.2, 62.2, 62.2, 62.2, 62.2, 62.2, 62.2, 62.2, 62.2, 62.2, 62.2, 62.2, 62.2, 62.2, 62.2, 62.2, 62.2, 62.2, 62.2, 62.2, 62.2, 62.2, 62.2, 62.2, 62.2, 62.2, 62.2, 62.2, 62.2, 62.2, 62.2, 62.2, 62.2, 62.2, 62.2, 62.2, 62.2, 62.2, 62.2, 62.2, 62.2, 62.2]
每台机器上工件的加工顺序: 
[[1, 'P23C', 'P1A'], [2, 'P12B', 'P3A', 'P2A'], [3, 'P22C'], [4, 'P11B', 'P21C'], [5, 'P13B'], [6, 'P11B', 'P23C', 'P11B', 'P2A', 'P21C'], [7, 'P12B', 'P22C', 'P13B', 'P3A', 'P1A', 'P21C', 'P12B', 'P13B', 'P3A', 'P1A', 'P2A', 'P23C', 'P22C'], [8, 'P11B', 'P22C', 'P23C', 'P3A', 'P12B', 'P13B', 'P21C', 'P3A', 'P2A', 'P2A', 'P22C'], [9, 'P12B', 'P13B', 'P11B', 'P1A', 'P1A', 'P23C', 'P21C'], [10, 'P11B', 'P12B', 'P13B', 'P22C', 'P23C', 'P3A', 'P1A', 'P21C', 'P2A'], [11, 'P11B', 'P12B', 'P13B', 'P3A', 'P1A', 'P2A', 'P23C', 'P21C', 'P22C'], [12, 'P11B', 'P12B', 'P13B', 'P3A', 'P1A', 'P2A', 'P23C', 'P21C', 'P22C'], [13, 'F11B', 'F12B', 'F13B', 'F3A', 'F1A', 'F2A', 'F23C', 'F21C', 'F22C'], [14, 'P11B', 'P12B', 'P13B', 'P3A', 'P1A', 'P2A', 'P23C', 'P21C', 'P22C'], [15, 'P4D', 'P24E', 'P14D'], [16, 'P4D', 'P14D', 'P24E'], [17, 'P4D', 'P14D', 'P24E'], [18, 'P5D', 'P15D', 'P25E'], [19, 'P5D', 'P15D', 'P25E'], [20, 'F5D', 'F15D', 'F25E'], [21, 'P6D', 'P16D', 'P26E'], [22, 'P18G', 'P8F', 'P9F', 'P17G', 'P29G', 'P27G', 'P19G', 'P7F', 'P28G'], [23, 'P18G', 'P8F', 'P9F', 'P17G', 'P29G', 'P27G', 'P19G', 'P7F', 'P28G'], [24, 'F8F', 'F9F', 'F17G', 'F29G', 'F27G', 'F19G', 'F7F', 'F28G', 'F18G'], [25, 'F8F', 'F9F', 'F17G', 'F29G', 'F27G', 'F19G', 'F7F', 'F28G', 'F18G'], [26, 'P20MTZ2', 'P10MTZ1', 'P30MTZ3']]
总配套关系为: 
[[(1, 'MTZ2', 20), (11, 12, 13), (6, 4, 5), (17, 29, 27)], [(2, 'MTZ1', 10), (3, 1, 2), (16, 14, 15), (8, 9, 7)], [(3, 'MTZ3', 30), (23, 21, 22), (26, 24, 25), (19, 28, 18)]]
配套时刻为: 
[24.1, 33.5, 43.0]
运行时间: 
21.434秒
--------------------------------------------------

第 5 次运行结果:
最优适应度: 
62.2
每代最好适应度Best_fit: 
[69.7, 67.75, 66.25, 66.25, 65.3, 65.3, 65.3, 65.3, 65.3, 65.3, 65.3, 65.3, 65.3, 65.3, 65.3, 65.3, 63.1, 63.1, 63.1, 63.1, 63.1, 63.1, 63.1, 63.1, 63.1, 63.1, 63.1, 63.1, 63.1, 62.2, 62.2, 62.2, 62.2, 62.2, 62.2, 62.2, 62.2, 62.2, 62.2, 62.2, 62.2, 62.2, 62.2, 62.2, 62.2, 62.2, 62.2, 62.2, 62.2, 62.2, 62.2, 62.2, 62.2, 62.2, 62.2, 62.2, 62.2, 62.2, 62.2, 62.2, 62.2, 62.2, 62.2, 62.2, 62.2, 62.2, 62.2, 62.2, 62.2, 62.2, 62.2, 62.2, 62.2, 62.2, 62.2, 62.2, 62.2, 62.2, 62.2, 62.2, 62.2, 62.2, 62.2, 62.2, 62.2, 62.2, 62.2, 62.2, 62.2, 62.2, 62.2, 62.2, 62.2, 62.2, 62.2, 62.2, 62.2, 62.2, 62.2, 62.2, 62.2, 62.2, 62.2, 62.2, 62.2, 62.2, 62.2, 62.2, 62.2, 62.2, 62.2, 62.2, 62.2, 62.2, 62.2, 62.2, 62.2, 62.2, 62.2, 62.2, 62.2, 62.2, 62.2, 62.2, 62.2, 62.2, 62.2, 62.2, 62.2, 62.2, 62.2, 62.2, 62.2, 62.2, 62.2, 62.2, 62.2, 62.2, 62.2, 62.2, 62.2, 62.2, 62.2, 62.2, 62.2, 62.2, 62.2, 62.2, 62.2, 62.2, 62.2, 62.2, 62.2, 62.2, 62.2, 62.2, 62.2, 62.2, 62.2, 62.2, 62.2, 62.2, 62.2, 62.2, 62.2, 62.2, 62.2, 62.2, 62.2, 62.2, 62.2, 62.2, 62.2, 62.2, 62.2, 62.2, 62.2, 62.2, 62.2, 62.2, 62.2, 62.2, 62.2, 62.2, 62.2, 62.2, 62.2, 62.2, 62.2, 62.2, 62.2, 62.2, 62.2, 62.2, 62.2, 62.2, 62.2, 62.2, 62.2, 62.2, 62.2, 62.2, 62.2, 62.2, 62.2, 62.2, 62.2, 62.2, 62.2, 62.2, 62.2, 62.2, 62.2, 62.2, 62.2, 62.2, 62.2, 62.2, 62.2, 62.2, 62.2, 62.2, 62.2, 62.2, 62.2, 62.2, 62.2, 62.2, 62.2, 62.2, 62.2, 62.2, 62.2, 62.2, 62.2, 62.2, 62.2, 62.2, 62.2, 62.2, 62.2, 62.2, 62.2, 62.2, 62.2, 62.2, 62.2, 62.2, 62.2, 62.2, 62.2, 62.2, 62.2, 62.2, 62.2, 62.2, 62.2, 62.2, 62.2, 62.2, 62.2, 62.2, 62.2, 62.2, 62.2, 62.2, 62.2, 62.2, 62.2, 62.2, 62.2, 62.2, 62.2, 62.2, 62.2, 62.2, 62.2, 62.2, 62.2, 62.2, 62.2, 62.2, 62.2, 62.2, 62.2, 62.2, 62.2, 62.2, 62.2, 62.2, 62.2, 62.2, 62.2, 62.2, 62.2, 62.2, 62.2, 62.2, 62.2, 62.2, 62.2]
每台机器上工件的加工顺序: 
[[1, 'P1A', 'P22C'], [2, 'P13B', 'P3A'], [3, 'P2A'], [4, 'P11B', 'P21C'], [5, 'P12B', 'P23C'], [6, 'P1A', 'P11B', 'P3A', 'P13B', 'P23C', 'P12B', 'P3A'], [7, 'P2A', 'P13B', 'P12B', 'P22C', 'P11B', 'P21C', 'P22C', 'P1A', 'P2A', 'P21C', 'P23C'], [8, 'P1A', 'P11B', 'P12B', 'P13B', 'P3A', 'P22C', 'P12B', 'P3A'], [9, 'P2A', 'P11B', 'P13B', 'P21C', 'P23C', 'P22C', 'P1A', 'P2A', 'P21C', 'P23C'], [10, 'P1A', 'P2A', 'P11B', 'P12B', 'P13B', 'P3A', 'P22C', 'P21C', 'P23C'], [11, 'P11B', 'P13B', 'P12B', 'P22C', 'P1A', 'P2A', 'P3A', 'P21C', 'P23C'], [12, 'P11B', 'P13B', 'P12B', 'P22C', 'P1A', 'P2A', 'P3A', 'P21C', 'P23C'], [13, 'F11B', 'F13B', 'F12B', 'F22C', 'F1A', 'F2A', 'F3A', 'F21C', 'F23C'], [14, 'P11B', 'P13B', 'P12B', 'P22C', 'P1A', 'P2A', 'P3A', 'P21C', 'P23C'], [15, 'P14D', 'P4D', 'P24E'], [16, 'P14D', 'P4D', 'P24E'], [17, 'P14D', 'P4D', 'P24E'], [18, 'P5D', 'P25E', 'P15D'], [19, 'P5D', 'P25E', 'P15D'], [20, 'F5D', 'F15D', 'F25E'], [21, 'P6D', 'P16D', 'P26E'], [22, 'P8F', 'P29G', 'P18G', 'P17G', 'P28G', 'P19G', 'P9F', 'P27G', 'P7F'], [23, 'P8F', 'P29G', 'P18G', 'P17G', 'P28G', 'P19G', 'P9F', 'P27G', 'P7F'], [24, 'F8F', 'F29G', 'F18G', 'F17G', 'F28G', 'F19G', 'F9F', 'F7F', 'F27G'], [25, 'F8F', 'F29G', 'F18G', 'F17G', 'F28G', 'F19G', 'F9F', 'F7F', 'F27G'], [26, 'P20MTZ2', 'P10MTZ1', 'P30MTZ3']]
总配套关系为: 
[[(1, 'MTZ2', 20), (11, 13, 12), (6, 14, 5), (29, 18, 17)], [(2, 'MTZ1', 10), (1, 2, 3), (16, 4, 15), (8, 9, 7)], [(3, 'MTZ3', 30), (22, 21, 23), (26, 24, 25), (28, 19, 27)]]
配套时刻为: 
[24.1, 34.85, 43.5]
运行时间: 
21.107秒
--------------------------------------------------

第 6 次运行结果:
最优适应度: 
62.2
每代最好适应度Best_fit: 
[67.35, 67.35, 67.1, 67.1, 67.1, 67.1, 67.1, 67.1, 67.1, 66.3, 66.3, 66.2, 65.35, 65.35, 63.15, 63.15, 63.15, 63.15, 62.7, 62.7, 62.7, 62.7, 62.7, 62.7, 62.7, 62.7, 62.7, 62.7, 62.7, 62.7, 62.7, 62.7, 62.7, 62.7, 62.7, 62.7, 62.7, 62.7, 62.7, 62.7, 62.7, 62.7, 62.7, 62.7, 62.7, 62.7, 62.7, 62.7, 62.7, 62.7, 62.2, 62.2, 62.2, 62.2, 62.2, 62.2, 62.2, 62.2, 62.2, 62.2, 62.2, 62.2, 62.2, 62.2, 62.2, 62.2, 62.2, 62.2, 62.2, 62.2, 62.2, 62.2, 62.2, 62.2, 62.2, 62.2, 62.2, 62.2, 62.2, 62.2, 62.2, 62.2, 62.2, 62.2, 62.2, 62.2, 62.2, 62.2, 62.2, 62.2, 62.2, 62.2, 62.2, 62.2, 62.2, 62.2, 62.2, 62.2, 62.2, 62.2, 62.2, 62.2, 62.2, 62.2, 62.2, 62.2, 62.2, 62.2, 62.2, 62.2, 62.2, 62.2, 62.2, 62.2, 62.2, 62.2, 62.2, 62.2, 62.2, 62.2, 62.2, 62.2, 62.2, 62.2, 62.2, 62.2, 62.2, 62.2, 62.2, 62.2, 62.2, 62.2, 62.2, 62.2, 62.2, 62.2, 62.2, 62.2, 62.2, 62.2, 62.2, 62.2, 62.2, 62.2, 62.2, 62.2, 62.2, 62.2, 62.2, 62.2, 62.2, 62.2, 62.2, 62.2, 62.2, 62.2, 62.2, 62.2, 62.2, 62.2, 62.2, 62.2, 62.2, 62.2, 62.2, 62.2, 62.2, 62.2, 62.2, 62.2, 62.2, 62.2, 62.2, 62.2, 62.2, 62.2, 62.2, 62.2, 62.2, 62.2, 62.2, 62.2, 62.2, 62.2, 62.2, 62.2, 62.2, 62.2, 62.2, 62.2, 62.2, 62.2, 62.2, 62.2, 62.2, 62.2, 62.2, 62.2, 62.2, 62.2, 62.2, 62.2, 62.2, 62.2, 62.2, 62.2, 62.2, 62.2, 62.2, 62.2, 62.2, 62.2, 62.2, 62.2, 62.2, 62.2, 62.2, 62.2, 62.2, 62.2, 62.2, 62.2, 62.2, 62.2, 62.2, 62.2, 62.2, 62.2, 62.2, 62.2, 62.2, 62.2, 62.2, 62.2, 62.2, 62.2, 62.2, 62.2, 62.2, 62.2, 62.2, 62.2, 62.2, 62.2, 62.2, 62.2, 62.2, 62.2, 62.2, 62.2, 62.2, 62.2, 62.2, 62.2, 62.2, 62.2, 62.2, 62.2, 62.2, 62.2, 62.2, 62.2, 62.2, 62.2, 62.2, 62.2, 62.2, 62.2, 62.2, 62.2, 62.2, 62.2, 62.2, 62.2, 62.2, 62.2, 62.2, 62.2, 62.2, 62.2, 62.2, 62.2, 62.2, 62.2, 62.2, 62.2, 62.2, 62.2, 62.2, 62.2, 62.2, 62.2, 62.2, 62.2, 62.2, 62.2, 62.2, 62.2, 62.2, 62.2, 62.2]
每台机器上工件的加工顺序: 
[[1, 'P23C', 'P2A', 'P22C'], [2, 'P13B', 'P3A', 'P21C'], [3, 'P1A'], [4, 'P12B'], [5, 'P11B'], [6, 'P13B', 'P12B', 'P23C', 'P3A', 'P13B', 'P11B', 'P12B', 'P2A', 'P22C', 'P3A', 'P23C', 'P22C'], [7, 'P1A', 'P11B', 'P2A', 'P21C', 'P1A', 'P21C'], [8, 'P11B', 'P23C', 'P11B', 'P12B', 'P2A', 'P3A', 'P21C'], [9, 'P1A', 'P13B', 'P12B', 'P13B', 'P3A', 'P2A', 'P22C', 'P21C', 'P1A', 'P23C', 'P22C'], [10, 'P1A', 'P13B', 'P11B', 'P23C', 'P12B', 'P3A', 'P2A', 'P22C', 'P21C'], [11, 'P13B', 'P11B', 'P12B', 'P2A', 'P3A', 'P1A', 'P23C', 'P21C', 'P22C'], [12, 'P13B', 'P11B', 'P12B', 'P2A', 'P3A', 'P1A', 'P23C', 'P21C', 'P22C'], [13, 'F13B', 'F11B', 'F12B', 'F2A', 'F3A', 'F1A', 'F23C', 'F21C', 'F22C'], [14, 'P13B', 'P11B', 'P12B', 'P2A', 'P3A', 'P1A', 'P23C', 'P21C', 'P22C'], [15, 'P4D', 'P24E', 'P14D'], [16, 'P4D', 'P24E', 'P14D'], [17, 'P4D', 'P24E', 'P14D'], [18, 'P15D', 'P25E', 'P5D'], [19, 'P15D', 'P25E', 'P5D'], [20, 'F15D', 'F5D', 'F25E'], [21, 'P6D', 'P16D', 'P26E'], [22, 'P17G', 'P28G', 'P9F', 'P18G', 'P8F', 'P29G', 'P19G', 'P27G', 'P7F'], [23, 'P17G', 'P28G', 'P9F', 'P18G', 'P8F', 'P29G', 'P19G', 'P27G', 'P7F'], [24, 'F17G', 'F28G', 'F9F', 'F18G', 'F8F', 'F29G', 'F19G', 'F27G', 'F7F'], [25, 'F17G', 'F28G', 'F9F', 'F18G', 'F8F', 'F29G', 'F19G', 'F27G', 'F7F'], [26, 'P20MTZ2', 'P10MTZ1', 'P30MTZ3']]
总配套关系为: 
[[(1, 'MTZ2', 20), (13, 11, 12), (6, 4, 15), (17, 28, 18)], [(2, 'MTZ1', 10), (2, 3, 1), (16, 14, 5), (9, 8, 7)], [(3, 'MTZ3', 30), (23, 21, 22), (26, 24, 25), (29, 19, 27)]]
配套时刻为: 
[24.1, 35.0, 43.5]
运行时间: 
21.331秒
--------------------------------------------------

第 7 次运行结果:
最优适应度: 
60.2
每代最好适应度Best_fit: 
[68.3, 64.35, 64.35, 64.35, 64.35, 64.35, 64.35, 64.35, 64.35, 64.35, 64.35, 64.35, 64.35, 64.35, 64.35, 64.35, 64.35, 64.35, 64.2, 63.95, 63.95, 63.95, 63.95, 63.1, 63.1, 63.1, 62.85, 62.85, 62.85, 62.85, 62.85, 62.85, 62.85, 62.85, 62.85, 62.85, 62.85, 62.85, 62.85, 62.85, 62.85, 62.6, 62.6, 62.6, 62.6, 62.6, 62.6, 62.6, 62.6, 62.6, 62.6, 62.6, 62.6, 62.6, 62.6, 62.6, 62.6, 62.6, 62.6, 62.55, 62.55, 62.55, 62.55, 62.55, 62.55, 62.55, 62.55, 62.55, 62.55, 62.55, 62.55, 62.55, 62.55, 62.35, 62.35, 62.2, 62.2, 62.2, 62.2, 62.2, 61.9, 61.9, 61.9, 61.9, 61.9, 61.9, 61.9, 61.25, 61.1, 61.1, 61.1, 61.1, 61.0, 61.0, 61.0, 61.0, 61.0, 61.0, 61.0, 60.65, 60.65, 60.65, 60.5, 60.25, 60.25, 60.25, 60.25, 60.25, 60.25, 60.25, 60.25, 60.25, 60.25, 60.25, 60.25, 60.25, 60.25, 60.25, 60.25, 60.25, 60.25, 60.25, 60.25, 60.2, 60.2, 60.2, 60.2, 60.2, 60.2, 60.2, 60.2, 60.2, 60.2, 60.2, 60.2, 60.2, 60.2, 60.2, 60.2, 60.2, 60.2, 60.2, 60.2, 60.2, 60.2, 60.2, 60.2, 60.2, 60.2, 60.2, 60.2, 60.2, 60.2, 60.2, 60.2, 60.2, 60.2, 60.2, 60.2, 60.2, 60.2, 60.2, 60.2, 60.2, 60.2, 60.2, 60.2, 60.2, 60.2, 60.2, 60.2, 60.2, 60.2, 60.2, 60.2, 60.2, 60.2, 60.2, 60.2, 60.2, 60.2, 60.2, 60.2, 60.2, 60.2, 60.2, 60.2, 60.2, 60.2, 60.2, 60.2, 60.2, 60.2, 60.2, 60.2, 60.2, 60.2, 60.2, 60.2, 60.2, 60.2, 60.2, 60.2, 60.2, 60.2, 60.2, 60.2, 60.2, 60.2, 60.2, 60.2, 60.2, 60.2, 60.2, 60.2, 60.2, 60.2, 60.2, 60.2, 60.2, 60.2, 60.2, 60.2, 60.2, 60.2, 60.2, 60.2, 60.2, 60.2, 60.2, 60.2, 60.2, 60.2, 60.2, 60.2, 60.2, 60.2, 60.2, 60.2, 60.2, 60.2, 60.2, 60.2, 60.2, 60.2, 60.2, 60.2, 60.2, 60.2, 60.2, 60.2, 60.2, 60.2, 60.2, 60.2, 60.2, 60.2, 60.2, 60.2, 60.2, 60.2, 60.2, 60.2, 60.2, 60.2, 60.2, 60.2, 60.2, 60.2, 60.2, 60.2, 60.2, 60.2, 60.2, 60.2, 60.2, 60.2, 60.2, 60.2, 60.2, 60.2, 60.2, 60.2, 60.2, 60.2, 60.2, 60.2, 60.2, 60.2, 60.2, 60.2, 60.2, 60.2, 60.2, 60.2, 60.2, 60.2, 60.2, 60.2, 60.2, 60.2]
每台机器上工件的加工顺序: 
[[1], [2, 'P2A', 'P13B', 'P23C'], [3, 'P3A', 'P11B', 'P21C'], [4, 'P1A'], [5, 'P12B', 'P22C'], [6, 'P3A', 'P11B', 'P2A', 'P1A', 'P23C', 'P21C', 'P13B', 'P11B', 'P21C', 'P23C'], [7, 'P3A', 'P1A', 'P2A', 'P12B', 'P13B', 'P22C', 'P12B', 'P22C'], [8, 'P1A', 'P12B', 'P2A', 'P1A', 'P12B', 'P21C', 'P21C', 'P23C'], [9, 'P3A', 'P2A', 'P3A', 'P13B', 'P11B', 'P22C', 'P11B', 'P13B', 'P23C', 'P22C'], [10, 'P3A', 'P2A', 'P1A', 'P12B', 'P13B', 'P11B', 'P22C', 'P21C', 'P23C'], [11, 'P3A', 'P2A', 'P1A', 'P12B', 'P11B', 'P13B', 'P22C', 'P21C', 'P23C'], [12, 'P3A', 'P2A', 'P1A', 'P12B', 'P11B', 'P13B', 'P22C', 'P21C', 'P23C'], [13, 'F3A', 'F2A', 'F1A', 'F12B', 'F13B', 'F11B', 'F22C', 'F21C', 'F23C'], [14, 'P3A', 'P2A', 'P1A', 'P12B', 'P13B', 'P11B', 'P22C', 'P21C', 'P23C'], [15, 'P14D', 'P4D', 'P24E'], [16, 'P14D', 'P4D', 'P24E'], [17, 'P14D', 'P4D', 'P24E'], [18, 'P5D', 'P15D', 'P25E'], [19, 'P5D', 'P15D', 'P25E'], [20, 'F5D', 'F15D', 'F25E'], [21, 'P6D', 'P16D', 'P26E'], [22, 'P8F', 'P17G', 'P18G', 'P7F', 'P19G', 'P9F', 'P29G', 'P27G', 'P28G'], [23, 'P8F', 'P17G', 'P18G', 'P7F', 'P19G', 'P9F', 'P29G', 'P27G', 'P28G'], [24, 'F8F', 'F17G', 'F7F', 'F18G', 'F9F', 'F29G', 'F27G', 'F28G', 'F19G'], [25, 'F8F', 'F17G', 'F7F', 'F18G', 'F9F', 'F29G', 'F27G', 'F28G', 'F19G'], [26, 'P10MTZ1', 'P20MTZ2', 'P30MTZ3']]
总配套关系为: 
[[(1, 'MTZ1', 10), (3, 2, 1), (6, 14, 5), (8, 7, 9)], [(2, 'MTZ2', 20), (12, 13, 11), (16, 4, 15), (17, 18, 29)], [(3, 'MTZ3', 30), (22, 21, 23), (26, 24, 25), (27, 28, 19)]]
配套时刻为: 
[22.1, 31.5, 41.15]
运行时间: 
20.943秒
--------------------------------------------------

第 8 次运行结果:
最优适应度: 
61.2
每代最好适应度Best_fit: 
[66.45, 66.45, 66.45, 66.45, 65.85, 64.6, 64.6, 64.6, 64.6, 64.6, 64.6, 64.6, 64.6, 64.6, 64.55, 64.55, 64.55, 64.55, 64.55, 62.35, 62.35, 62.35, 62.35, 62.35, 62.35, 62.35, 62.35, 62.35, 62.35, 62.35, 62.35, 62.35, 62.35, 62.35, 62.35, 62.35, 62.35, 62.2, 62.2, 62.2, 62.2, 62.2, 62.2, 62.2, 62.2, 62.2, 62.2, 62.2, 62.2, 62.2, 62.2, 62.2, 62.2, 62.2, 62.2, 62.2, 62.2, 62.2, 62.2, 62.2, 62.2, 62.2, 62.2, 62.2, 62.2, 62.2, 62.2, 62.2, 62.2, 62.2, 62.2, 62.2, 62.2, 62.2, 62.2, 62.2, 62.2, 62.2, 62.2, 62.2, 62.2, 62.2, 62.2, 62.2, 62.2, 62.2, 62.2, 62.2, 62.2, 62.2, 62.2, 62.2, 62.2, 62.2, 62.2, 62.2, 62.0, 62.0, 62.0, 62.0, 62.0, 62.0, 62.0, 62.0, 62.0, 62.0, 62.0, 62.0, 62.0, 62.0, 62.0, 62.0, 62.0, 62.0, 62.0, 62.0, 62.0, 62.0, 62.0, 61.2, 61.2, 61.2, 61.2, 61.2, 61.2, 61.2, 61.2, 61.2, 61.2, 61.2, 61.2, 61.2, 61.2, 61.2, 61.2, 61.2, 61.2, 61.2, 61.2, 61.2, 61.2, 61.2, 61.2, 61.2, 61.2, 61.2, 61.2, 61.2, 61.2, 61.2, 61.2, 61.2, 61.2, 61.2, 61.2, 61.2, 61.2, 61.2, 61.2, 61.2, 61.2, 61.2, 61.2, 61.2, 61.2, 61.2, 61.2, 61.2, 61.2, 61.2, 61.2, 61.2, 61.2, 61.2, 61.2, 61.2, 61.2, 61.2, 61.2, 61.2, 61.2, 61.2, 61.2, 61.2, 61.2, 61.2, 61.2, 61.2, 61.2, 61.2, 61.2, 61.2, 61.2, 61.2, 61.2, 61.2, 61.2, 61.2, 61.2, 61.2, 61.2, 61.2, 61.2, 61.2, 61.2, 61.2, 61.2, 61.2, 61.2, 61.2, 61.2, 61.2, 61.2, 61.2, 61.2, 61.2, 61.2, 61.2, 61.2, 61.2, 61.2, 61.2, 61.2, 61.2, 61.2, 61.2, 61.2, 61.2, 61.2, 61.2, 61.2, 61.2, 61.2, 61.2, 61.2, 61.2, 61.2, 61.2, 61.2, 61.2, 61.2, 61.2, 61.2, 61.2, 61.2, 61.2, 61.2, 61.2, 61.2, 61.2, 61.2, 61.2, 61.2, 61.2, 61.2, 61.2, 61.2, 61.2, 61.2, 61.2, 61.2, 61.2, 61.2, 61.2, 61.2, 61.2, 61.2, 61.2, 61.2, 61.2, 61.2, 61.2, 61.2, 61.2, 61.2, 61.2, 61.2, 61.2, 61.2, 61.2, 61.2, 61.2, 61.2, 61.2, 61.2, 61.2, 61.2, 61.2, 61.2, 61.2, 61.2, 61.2, 61.2, 61.2, 61.2, 61.2, 61.2, 61.2, 61.2, 61.2, 61.2]
每台机器上工件的加工顺序: 
[[1, 'P2A', 'P22C'], [2, 'P1A', 'P12B'], [3, 'P3A'], [4, 'P13B'], [5, 'P23C', 'P11B', 'P21C'], [6, 'P1A', 'P13B', 'P2A', 'P3A', 'P12B', 'P22C', 'P2A', 'P12B', 'P21C'], [7, 'P3A', 'P23C', 'P1A', 'P11B', 'P11B', 'P21C', 'P13B', 'P23C', 'P22C'], [8, 'P3A', 'P3A', 'P1A', 'P11B', 'P22C', 'P11B', 'P13B', 'P21C'], [9, 'P1A', 'P13B', 'P2A', 'P23C', 'P12B', 'P2A', 'P12B', 'P21C', 'P23C', 'P22C'], [10, 'P3A', 'P1A', 'P13B', 'P2A', 'P23C', 'P12B', 'P11B', 'P22C', 'P21C'], [11, 'P3A', 'P1A', 'P2A', 'P12B', 'P11B', 'P13B', 'P23C', 'P21C', 'P22C'], [12, 'P3A', 'P1A', 'P2A', 'P12B', 'P11B', 'P13B', 'P23C', 'P21C', 'P22C'], [13, 'F3A', 'F1A', 'F2A', 'F12B', 'F11B', 'F13B', 'F23C', 'F21C', 'F22C'], [14, 'P3A', 'P1A', 'P2A', 'P12B', 'P11B', 'P13B', 'P23C', 'P21C', 'P22C'], [15, 'P14D', 'P24E', 'P4D'], [16, 'P14D', 'P4D', 'P24E'], [17, 'P14D', 'P4D', 'P24E'], [18, 'P5D', 'P25E', 'P15D'], [19, 'P5D', 'P25E', 'P15D'], [20, 'F5D', 'F15D', 'F25E'], [21, 'P6D', 'P16D', 'P26E'], [22, 'P9F', 'P8F', 'P19G', 'P17G', 'P18G', 'P7F', 'P27G', 'P29G', 'P28G'], [23, 'P9F', 'P8F', 'P19G', 'P17G', 'P18G', 'P7F', 'P27G', 'P29G', 'P28G'], [24, 'F9F', 'F8F', 'F19G', 'F17G', 'F18G', 'F7F', 'F27G', 'F29G', 'F28G'], [25, 'F9F', 'F8F', 'F19G', 'F17G', 'F18G', 'F7F', 'F27G', 'F29G', 'F28G'], [26, 'P10MTZ1', 'P20MTZ2', 'P30MTZ3']]
总配套关系为: 
[[(1, 'MTZ1', 10), (3, 1, 2), (6, 14, 5), (9, 8, 7)], [(2, 'MTZ2', 20), (12, 11, 13), (16, 4, 15), (19, 17, 18)], [(3, 'MTZ3', 30), (23, 21, 22), (26, 24, 25), (27, 29, 28)]]
配套时刻为: 
[22.1, 33.5, 43.5]
运行时间: 
20.502秒
--------------------------------------------------

第 9 次运行结果:
最优适应度: 
62.2
每代最好适应度Best_fit: 
[65.75, 65.75, 65.75, 65.75, 65.75, 65.75, 65.75, 65.75, 65.75, 65.75, 65.75, 65.75, 65.75, 65.1, 65.1, 64.8, 64.8, 63.6, 63.6, 63.6, 63.6, 62.55, 62.55, 62.55, 62.55, 62.2, 62.2, 62.2, 62.2, 62.2, 62.2, 62.2, 62.2, 62.2, 62.2, 62.2, 62.2, 62.2, 62.2, 62.2, 62.2, 62.2, 62.2, 62.2, 62.2, 62.2, 62.2, 62.2, 62.2, 62.2, 62.2, 62.2, 62.2, 62.2, 62.2, 62.2, 62.2, 62.2, 62.2, 62.2, 62.2, 62.2, 62.2, 62.2, 62.2, 62.2, 62.2, 62.2, 62.2, 62.2, 62.2, 62.2, 62.2, 62.2, 62.2, 62.2, 62.2, 62.2, 62.2, 62.2, 62.2, 62.2, 62.2, 62.2, 62.2, 62.2, 62.2, 62.2, 62.2, 62.2, 62.2, 62.2, 62.2, 62.2, 62.2, 62.2, 62.2, 62.2, 62.2, 62.2, 62.2, 62.2, 62.2, 62.2, 62.2, 62.2, 62.2, 62.2, 62.2, 62.2, 62.2, 62.2, 62.2, 62.2, 62.2, 62.2, 62.2, 62.2, 62.2, 62.2, 62.2, 62.2, 62.2, 62.2, 62.2, 62.2, 62.2, 62.2, 62.2, 62.2, 62.2, 62.2, 62.2, 62.2, 62.2, 62.2, 62.2, 62.2, 62.2, 62.2, 62.2, 62.2, 62.2, 62.2, 62.2, 62.2, 62.2, 62.2, 62.2, 62.2, 62.2, 62.2, 62.2, 62.2, 62.2, 62.2, 62.2, 62.2, 62.2, 62.2, 62.2, 62.2, 62.2, 62.2, 62.2, 62.2, 62.2, 62.2, 62.2, 62.2, 62.2, 62.2, 62.2, 62.2, 62.2, 62.2, 62.2, 62.2, 62.2, 62.2, 62.2, 62.2, 62.2, 62.2, 62.2, 62.2, 62.2, 62.2, 62.2, 62.2, 62.2, 62.2, 62.2, 62.2, 62.2, 62.2, 62.2, 62.2, 62.2, 62.2, 62.2, 62.2, 62.2, 62.2, 62.2, 62.2, 62.2, 62.2, 62.2, 62.2, 62.2, 62.2, 62.2, 62.2, 62.2, 62.2, 62.2, 62.2, 62.2, 62.2, 62.2, 62.2, 62.2, 62.2, 62.2, 62.2, 62.2, 62.2, 62.2, 62.2, 62.2, 62.2, 62.2, 62.2, 62.2, 62.2, 62.2, 62.2, 62.2, 62.2, 62.2, 62.2, 62.2, 62.2, 62.2, 62.2, 62.2, 62.2, 62.2, 62.2, 62.2, 62.2, 62.2, 62.2, 62.2, 62.2, 62.2, 62.2, 62.2, 62.2, 62.2, 62.2, 62.2, 62.2, 62.2, 62.2, 62.2, 62.2, 62.2, 62.2, 62.2, 62.2, 62.2, 62.2, 62.2, 62.2, 62.2, 62.2, 62.2, 62.2, 62.2, 62.2, 62.2, 62.2, 62.2, 62.2, 62.2, 62.2, 62.2, 62.2, 62.2, 62.2, 62.2, 62.2, 62.2, 62.2, 62.2, 62.2, 62.2, 62.2, 62.2]
每台机器上工件的加工顺序: 
[[1, 'P11B', 'P1A', 'P2A'], [2], [3, 'P12B', 'P21C'], [4], [5, 'P13B', 'P3A', 'P23C', 'P22C'], [6, 'P13B', 'P12B', 'P11B', 'P21C', 'P13B', 'P1A', 'P23C', 'P22C'], [7, 'P11B', 'P1A', 'P3A', 'P12B', 'P2A', 'P3A', 'P2A', 'P23C', 'P21C', 'P22C'], [8, 'P12B', 'P11B', 'P21C', 'P1A', 'P2A', 'P3A', 'P2A', 'P23C', 'P22C', 'P21C'], [9, 'P11B', 'P13B', 'P1A', 'P3A', 'P13B', 'P12B', 'P23C', 'P22C'], [10, 'P11B', 'P13B', 'P12B', 'P1A', 'P3A', 'P21C', 'P2A', 'P23C', 'P22C'], [11, 'P11B', 'P13B', 'P12B', 'P1A', 'P3A', 'P2A', 'P23C', 'P21C', 'P22C'], [12, 'P11B', 'P13B', 'P12B', 'P1A', 'P3A', 'P2A', 'P23C', 'P21C', 'P22C'], [13, 'F11B', 'F13B', 'F12B', 'F1A', 'F3A', 'F2A', 'F23C', 'F21C', 'F22C'], [14, 'P11B', 'P13B', 'P12B', 'P1A', 'P3A', 'P2A', 'P23C', 'P21C', 'P22C'], [15, 'P4D', 'P24E', 'P14D'], [16, 'P4D', 'P24E', 'P14D'], [17, 'P4D', 'P24E', 'P14D'], [18, 'P15D', 'P5D', 'P25E'], [19, 'P15D', 'P5D', 'P25E'], [20, 'F15D', 'F5D', 'F25E'], [21, 'P6D', 'P16D', 'P26E'], [22, 'P18G', 'P8F', 'P27G', 'P17G', 'P7F', 'P9F', 'P28G', 'P29G', 'P19G'], [23, 'P18G', 'P8F', 'P27G', 'P17G', 'P7F', 'P9F', 'P28G', 'P29G', 'P19G'], [24, 'F18G', 'F8F', 'F27G', 'F17G', 'F9F', 'F28G', 'F29G', 'F7F', 'F19G'], [25, 'F18G', 'F8F', 'F27G', 'F17G', 'F9F', 'F28G', 'F29G', 'F7F', 'F19G'], [26, 'P20MTZ2', 'P10MTZ1', 'P30MTZ3']]
总配套关系为: 
[[(1, 'MTZ2', 20), (11, 13, 12), (6, 4, 15), (18, 27, 17)], [(2, 'MTZ1', 10), (1, 3, 2), (16, 14, 5), (8, 9, 7)], [(3, 'MTZ3', 30), (23, 21, 22), (26, 24, 25), (28, 29, 19)]]
配套时刻为: 
[24.1, 35.0, 46.5]
运行时间: 
20.212秒
--------------------------------------------------

第 10 次运行结果:
最优适应度: 
60.2
每代最好适应度Best_fit: 
[64.7, 64.7, 64.7, 64.7, 64.7, 64.7, 64.7, 64.7, 64.7, 64.7, 64.1, 64.1, 64.1, 64.1, 64.1, 63.6, 63.6, 63.6, 63.1, 63.1, 63.1, 62.2, 62.2, 62.2, 62.2, 62.2, 62.2, 62.2, 62.2, 62.0, 62.0, 62.0, 62.0, 62.0, 62.0, 62.0, 62.0, 61.9, 61.9, 61.7, 61.7, 61.7, 61.7, 61.7, 61.7, 61.7, 61.7, 61.7, 61.7, 61.7, 61.7, 61.7, 61.7, 61.7, 61.7, 61.7, 61.2, 61.2, 61.1, 61.1, 61.1, 61.1, 61.1, 61.1, 61.1, 61.1, 61.1, 60.2, 60.2, 60.2, 60.2, 60.2, 60.2, 60.2, 60.2, 60.2, 60.2, 60.2, 60.2, 60.2, 60.2, 60.2, 60.2, 60.2, 60.2, 60.2, 60.2, 60.2, 60.2, 60.2, 60.2, 60.2, 60.2, 60.2, 60.2, 60.2, 60.2, 60.2, 60.2, 60.2, 60.2, 60.2, 60.2, 60.2, 60.2, 60.2, 60.2, 60.2, 60.2, 60.2, 60.2, 60.2, 60.2, 60.2, 60.2, 60.2, 60.2, 60.2, 60.2, 60.2, 60.2, 60.2, 60.2, 60.2, 60.2, 60.2, 60.2, 60.2, 60.2, 60.2, 60.2, 60.2, 60.2, 60.2, 60.2, 60.2, 60.2, 60.2, 60.2, 60.2, 60.2, 60.2, 60.2, 60.2, 60.2, 60.2, 60.2, 60.2, 60.2, 60.2, 60.2, 60.2, 60.2, 60.2, 60.2, 60.2, 60.2, 60.2, 60.2, 60.2, 60.2, 60.2, 60.2, 60.2, 60.2, 60.2, 60.2, 60.2, 60.2, 60.2, 60.2, 60.2, 60.2, 60.2, 60.2, 60.2, 60.2, 60.2, 60.2, 60.2, 60.2, 60.2, 60.2, 60.2, 60.2, 60.2, 60.2, 60.2, 60.2, 60.2, 60.2, 60.2, 60.2, 60.2, 60.2, 60.2, 60.2, 60.2, 60.2, 60.2, 60.2, 60.2, 60.2, 60.2, 60.2, 60.2, 60.2, 60.2, 60.2, 60.2, 60.2, 60.2, 60.2, 60.2, 60.2, 60.2, 60.2, 60.2, 60.2, 60.2, 60.2, 60.2, 60.2, 60.2, 60.2, 60.2, 60.2, 60.2, 60.2, 60.2, 60.2, 60.2, 60.2, 60.2, 60.2, 60.2, 60.2, 60.2, 60.2, 60.2, 60.2, 60.2, 60.2, 60.2, 60.2, 60.2, 60.2, 60.2, 60.2, 60.2, 60.2, 60.2, 60.2, 60.2, 60.2, 60.2, 60.2, 60.2, 60.2, 60.2, 60.2, 60.2, 60.2, 60.2, 60.2, 60.2, 60.2, 60.2, 60.2, 60.2, 60.2, 60.2, 60.2, 60.2, 60.2, 60.2, 60.2, 60.2, 60.2, 60.2, 60.2, 60.2, 60.2, 60.2, 60.2, 60.2, 60.2, 60.2, 60.2, 60.2, 60.2, 60.2, 60.2, 60.2, 60.2, 60.2, 60.2, 60.2, 60.2, 60.2, 60.2]
每台机器上工件的加工顺序: 
[[1], [2, 'P1A', 'P12B'], [3, 'P21C', 'P11B'], [4, 'P3A', 'P23C'], [5, 'P2A', 'P13B', 'P22C'], [6, 'P2A', 'P2A', 'P12B', 'P3A', 'P1A', 'P22C', 'P11B', 'P12B', 'P22C'], [7, 'P3A', 'P1A', 'P21C', 'P13B', 'P23C', 'P11B', 'P13B', 'P23C', 'P21C'], [8, 'P3A', 'P1A', 'P21C', 'P3A', 'P23C', 'P11B', 'P12B', 'P13B', 'P11B', 'P12B', 'P22C'], [9, 'P2A', 'P2A', 'P13B', 'P1A', 'P22C', 'P23C', 'P21C'], [10, 'P2A', 'P3A', 'P1A', 'P21C', 'P13B', 'P23C', 'P11B', 'P12B', 'P22C'], [11, 'P2A', 'P3A', 'P1A', 'P13B', 'P11B', 'P12B', 'P23C', 'P21C', 'P22C'], [12, 'P2A', 'P3A', 'P1A', 'P13B', 'P11B', 'P12B', 'P23C', 'P21C', 'P22C'], [13, 'F2A', 'F3A', 'F1A', 'F13B', 'F11B', 'F12B', 'F23C', 'F21C', 'F22C'], [14, 'P2A', 'P3A', 'P1A', 'P13B', 'P11B', 'P12B', 'P23C', 'P21C', 'P22C'], [15, 'P4D', 'P14D', 'P24E'], [16, 'P4D', 'P14D', 'P24E'], [17, 'P4D', 'P14D', 'P24E'], [18, 'P15D', 'P5D', 'P25E'], [19, 'P15D', 'P5D', 'P25E'], [20, 'F15D', 'F5D', 'F25E'], [21, 'P6D', 'P16D', 'P26E'], [22, 'P8F', 'P9F', 'P27G', 'P7F', 'P17G', 'P28G', 'P19G', 'P18G', 'P29G'], [23, 'P8F', 'P9F', 'P27G', 'P7F', 'P17G', 'P28G', 'P19G', 'P18G', 'P29G'], [24, 'F8F', 'F9F', 'F7F', 'F27G', 'F28G', 'F17G', 'F18G', 'F19G', 'F29G'], [25, 'F8F', 'F9F', 'F7F', 'F27G', 'F28G', 'F17G', 'F18G', 'F19G', 'F29G'], [26, 'P10MTZ1', 'P20MTZ2', 'P30MTZ3']]
总配套关系为: 
[[(1, 'MTZ1', 10), (2, 3, 1), (6, 4, 15), (8, 9, 7)], [(2, 'MTZ2', 20), (13, 11, 12), (16, 14, 5), (27, 28, 17)], [(3, 'MTZ3', 30), (23, 21, 22), (26, 24, 25), (18, 19, 29)]]
配套时刻为: 
[22.1, 31.1, 41.5]
运行时间: 
21.021秒
--------------------------------------------------

第 11 次运行结果:
最优适应度: 
60.2
每代最好适应度Best_fit: 
[67.8, 65.2, 65.2, 65.2, 65.2, 65.2, 65.2, 65.2, 65.2, 65.2, 65.2, 65.2, 65.2, 64.65, 64.65, 64.65, 64.65, 64.65, 64.65, 64.2, 64.2, 64.2, 64.2, 63.95, 63.95, 63.95, 63.95, 63.1, 63.1, 63.0, 62.7, 62.7, 62.7, 62.2, 62.2, 62.1, 62.1, 62.1, 62.1, 62.1, 61.8, 61.8, 61.2, 61.2, 60.2, 60.2, 60.2, 60.2, 60.2, 60.2, 60.2, 60.2, 60.2, 60.2, 60.2, 60.2, 60.2, 60.2, 60.2, 60.2, 60.2, 60.2, 60.2, 60.2, 60.2, 60.2, 60.2, 60.2, 60.2, 60.2, 60.2, 60.2, 60.2, 60.2, 60.2, 60.2, 60.2, 60.2, 60.2, 60.2, 60.2, 60.2, 60.2, 60.2, 60.2, 60.2, 60.2, 60.2, 60.2, 60.2, 60.2, 60.2, 60.2, 60.2, 60.2, 60.2, 60.2, 60.2, 60.2, 60.2, 60.2, 60.2, 60.2, 60.2, 60.2, 60.2, 60.2, 60.2, 60.2, 60.2, 60.2, 60.2, 60.2, 60.2, 60.2, 60.2, 60.2, 60.2, 60.2, 60.2, 60.2, 60.2, 60.2, 60.2, 60.2, 60.2, 60.2, 60.2, 60.2, 60.2, 60.2, 60.2, 60.2, 60.2, 60.2, 60.2, 60.2, 60.2, 60.2, 60.2, 60.2, 60.2, 60.2, 60.2, 60.2, 60.2, 60.2, 60.2, 60.2, 60.2, 60.2, 60.2, 60.2, 60.2, 60.2, 60.2, 60.2, 60.2, 60.2, 60.2, 60.2, 60.2, 60.2, 60.2, 60.2, 60.2, 60.2, 60.2, 60.2, 60.2, 60.2, 60.2, 60.2, 60.2, 60.2, 60.2, 60.2, 60.2, 60.2, 60.2, 60.2, 60.2, 60.2, 60.2, 60.2, 60.2, 60.2, 60.2, 60.2, 60.2, 60.2, 60.2, 60.2, 60.2, 60.2, 60.2, 60.2, 60.2, 60.2, 60.2, 60.2, 60.2, 60.2, 60.2, 60.2, 60.2, 60.2, 60.2, 60.2, 60.2, 60.2, 60.2, 60.2, 60.2, 60.2, 60.2, 60.2, 60.2, 60.2, 60.2, 60.2, 60.2, 60.2, 60.2, 60.2, 60.2, 60.2, 60.2, 60.2, 60.2, 60.2, 60.2, 60.2, 60.2, 60.2, 60.2, 60.2, 60.2, 60.2, 60.2, 60.2, 60.2, 60.2, 60.2, 60.2, 60.2, 60.2, 60.2, 60.2, 60.2, 60.2, 60.2, 60.2, 60.2, 60.2, 60.2, 60.2, 60.2, 60.2, 60.2, 60.2, 60.2, 60.2, 60.2, 60.2, 60.2, 60.2, 60.2, 60.2, 60.2, 60.2, 60.2, 60.2, 60.2, 60.2, 60.2, 60.2, 60.2, 60.2, 60.2, 60.2, 60.2, 60.2, 60.2, 60.2, 60.2, 60.2, 60.2, 60.2, 60.2, 60.2, 60.2, 60.2, 60.2, 60.2, 60.2, 60.2, 60.2, 60.2, 60.2, 60.2]
每台机器上工件的加工顺序: 
[[1, 'P22C', 'P21C', 'P23C'], [2, 'P13B', 'P11B'], [3, 'P2A'], [4, 'P3A', 'P12B'], [5, 'P1A'], [6, 'P1A', 'P13B', 'P2A', 'P12B', 'P3A', 'P1A', 'P12B', 'P11B', 'P23C', 'P13B', 'P21C', 'P23C'], [7, 'P2A', 'P3A', 'P22C', 'P11B', 'P21C', 'P22C'], [8, 'P2A', 'P3A', 'P22C', 'P3A', 'P1A', 'P21C', 'P12B', 'P22C'], [9, 'P1A', 'P13B', 'P2A', 'P12B', 'P11B', 'P11B', 'P13B', 'P23C', 'P21C', 'P23C'], [10, 'P2A', 'P1A', 'P13B', 'P3A', 'P22C', 'P12B', 'P11B', 'P21C', 'P23C'], [11, 'P2A', 'P3A', 'P1A', 'P12B', 'P11B', 'P13B', 'P22C', 'P21C', 'P23C'], [12, 'P2A', 'P3A', 'P1A', 'P12B', 'P11B', 'P13B', 'P22C', 'P21C', 'P23C'], [13, 'F2A', 'F3A', 'F1A', 'F12B', 'F11B', 'F13B', 'F22C', 'F21C', 'F23C'], [14, 'P2A', 'P3A', 'P1A', 'P12B', 'P11B', 'P13B', 'P22C', 'P21C', 'P23C'], [15, 'P14D', 'P4D', 'P24E'], [16, 'P14D', 'P4D', 'P24E'], [17, 'P14D', 'P4D', 'P24E'], [18, 'P5D', 'P15D', 'P25E'], [19, 'P5D', 'P15D', 'P25E'], [20, 'F5D', 'F15D', 'F25E'], [21, 'P6D', 'P16D', 'P26E'], [22, 'P17G', 'P27G', 'P29G', 'P9F', 'P7F', 'P8F', 'P19G', 'P28G', 'P18G'], [23, 'P17G', 'P27G', 'P29G', 'P9F', 'P7F', 'P8F', 'P19G', 'P28G', 'P18G'], [24, 'F17G', 'F27G', 'F9F', 'F7F', 'F8F', 'F19G', 'F28G', 'F18G', 'F29G'], [25, 'F17G', 'F27G', 'F9F', 'F7F', 'F8F', 'F19G', 'F28G', 'F18G', 'F29G'], [26, 'P10MTZ1', 'P20MTZ2', 'P30MTZ3']]
总配套关系为: 
[[(1, 'MTZ1', 10), (2, 3, 1), (6, 14, 5), (9, 7, 8)], [(2, 'MTZ2', 20), (12, 11, 13), (16, 4, 15), (17, 27, 19)], [(3, 'MTZ3', 30), (22, 21, 23), (26, 24, 25), (28, 18, 29)]]
配套时刻为: 
[22.1, 32.45, 41.5]
运行时间: 
23.263秒
--------------------------------------------------

第 12 次运行结果:
最优适应度: 
60.2
每代最好适应度Best_fit: 
[65.5, 65.5, 65.5, 65.5, 65.5, 65.5, 64.45, 64.45, 64.45, 64.45, 64.45, 64.45, 64.45, 64.45, 64.45, 64.1, 64.1, 64.1, 62.7, 62.7, 62.7, 62.7, 62.7, 62.7, 62.7, 62.7, 62.7, 62.7, 62.7, 62.7, 62.7, 62.7, 62.7, 62.7, 62.7, 62.7, 62.7, 62.7, 62.7, 62.7, 62.7, 62.7, 62.7, 62.7, 62.7, 62.7, 62.7, 62.7, 62.7, 62.7, 62.7, 61.8, 61.8, 61.8, 61.1, 61.1, 61.1, 61.1, 61.1, 61.1, 61.1, 60.85, 60.85, 60.85, 60.85, 60.85, 60.85, 60.85, 60.85, 60.85, 60.85, 60.85, 60.85, 60.85, 60.85, 60.85, 60.85, 60.85, 60.85, 60.85, 60.85, 60.85, 60.85, 60.85, 60.85, 60.85, 60.85, 60.85, 60.85, 60.85, 60.85, 60.85, 60.2, 60.2, 60.2, 60.2, 60.2, 60.2, 60.2, 60.2, 60.2, 60.2, 60.2, 60.2, 60.2, 60.2, 60.2, 60.2, 60.2, 60.2, 60.2, 60.2, 60.2, 60.2, 60.2, 60.2, 60.2, 60.2, 60.2, 60.2, 60.2, 60.2, 60.2, 60.2, 60.2, 60.2, 60.2, 60.2, 60.2, 60.2, 60.2, 60.2, 60.2, 60.2, 60.2, 60.2, 60.2, 60.2, 60.2, 60.2, 60.2, 60.2, 60.2, 60.2, 60.2, 60.2, 60.2, 60.2, 60.2, 60.2, 60.2, 60.2, 60.2, 60.2, 60.2, 60.2, 60.2, 60.2, 60.2, 60.2, 60.2, 60.2, 60.2, 60.2, 60.2, 60.2, 60.2, 60.2, 60.2, 60.2, 60.2, 60.2, 60.2, 60.2, 60.2, 60.2, 60.2, 60.2, 60.2, 60.2, 60.2, 60.2, 60.2, 60.2, 60.2, 60.2, 60.2, 60.2, 60.2, 60.2, 60.2, 60.2, 60.2, 60.2, 60.2, 60.2, 60.2, 60.2, 60.2, 60.2, 60.2, 60.2, 60.2, 60.2, 60.2, 60.2, 60.2, 60.2, 60.2, 60.2, 60.2, 60.2, 60.2, 60.2, 60.2, 60.2, 60.2, 60.2, 60.2, 60.2, 60.2, 60.2, 60.2, 60.2, 60.2, 60.2, 60.2, 60.2, 60.2, 60.2, 60.2, 60.2, 60.2, 60.2, 60.2, 60.2, 60.2, 60.2, 60.2, 60.2, 60.2, 60.2, 60.2, 60.2, 60.2, 60.2, 60.2, 60.2, 60.2, 60.2, 60.2, 60.2, 60.2, 60.2, 60.2, 60.2, 60.2, 60.2, 60.2, 60.2, 60.2, 60.2, 60.2, 60.2, 60.2, 60.2, 60.2, 60.2, 60.2, 60.2, 60.2, 60.2, 60.2, 60.2, 60.2, 60.2, 60.2, 60.2, 60.2, 60.2, 60.2, 60.2, 60.2, 60.2, 60.2, 60.2, 60.2, 60.2, 60.2, 60.2, 60.2, 60.2, 60.2, 60.2, 60.2, 60.2, 60.2, 60.2, 60.2, 60.2, 60.2]
每台机器上工件的加工顺序: 
[[1, 'P2A', 'P13B', 'P22C'], [2, 'P3A'], [3], [4, 'P1A', 'P21C', 'P23C'], [5, 'P11B', 'P12B'], [6, 'P3A', 'P12B', 'P2A', 'P12B', 'P21C', 'P23C', 'P22C'], [7, 'P3A', 'P1A', 'P2A', 'P11B', 'P13B', 'P21C', 'P1A', 'P11B', 'P22C', 'P23C', 'P13B'], [8, 'P3A', 'P1A', 'P2A', 'P11B', 'P3A', 'P2A', 'P1A', 'P12B', 'P12B', 'P23C'], [9, 'P13B', 'P21C', 'P11B', 'P13B', 'P22C', 'P21C', 'P23C', 'P22C'], [10, 'P3A', 'P1A', 'P2A', 'P11B', 'P13B', 'P21C', 'P12B', 'P22C', 'P23C'], [11, 'P3A', 'P2A', 'P1A', 'P11B', 'P13B', 'P12B', 'P21C', 'P23C', 'P22C'], [12, 'P3A', 'P2A', 'P1A', 'P11B', 'P13B', 'P12B', 'P21C', 'P23C', 'P22C'], [13, 'F3A', 'F2A', 'F1A', 'F11B', 'F13B', 'F12B', 'F21C', 'F23C', 'F22C'], [14, 'P3A', 'P2A', 'P1A', 'P11B', 'P13B', 'P12B', 'P21C', 'P23C', 'P22C'], [15, 'P14D', 'P4D', 'P24E'], [16, 'P14D', 'P4D', 'P24E'], [17, 'P14D', 'P4D', 'P24E'], [18, 'P5D', 'P15D', 'P25E'], [19, 'P5D', 'P15D', 'P25E'], [20, 'F5D', 'F15D', 'F25E'], [21, 'P6D', 'P16D', 'P26E'], [22, 'P19G', 'P27G', 'P8F', 'P29G', 'P9F', 'P7F', 'P17G', 'P28G', 'P18G'], [23, 'P19G', 'P27G', 'P8F', 'P29G', 'P9F', 'P7F', 'P17G', 'P28G', 'P18G'], [24, 'F19G', 'F27G', 'F8F', 'F9F', 'F7F', 'F29G', 'F28G', 'F18G', 'F17G'], [25, 'F19G', 'F27G', 'F8F', 'F9F', 'F7F', 'F29G', 'F28G', 'F18G', 'F17G'], [26, 'P10MTZ1', 'P20MTZ2', 'P30MTZ3']]
总配套关系为: 
[[(1, 'MTZ1', 10), (3, 2, 1), (6, 14, 5), (8, 9, 7)], [(2, 'MTZ2', 20), (11, 13, 12), (16, 4, 15), (19, 27, 29)], [(3, 'MTZ3', 30), (21, 23, 22), (26, 24, 25), (28, 18, 17)]]
配套时刻为: 
[22.1, 31.7, 41.4]
运行时间: 
20.594秒
--------------------------------------------------



汇总统计信息:
==================================================
平均运行时间: 21.083秒
最短运行时间: 20.212秒
最长运行时间: 23.263秒
平均最优适应度: 61.117
最佳适应度: 60.200
最差适应度: 62.200
